1000 999
206 329
358 701
594 868
286 877
752 21
461 186
984 963
82 766
853 912
241 978
950 527
521 132
207 165
594 783
332 618
668 347
706 235
919 456
595 778
648 773
845 311
215 911
424 691
699 108
730 367
134 366
984 894
391 17
26 615
804 731
829 964
14 711
154 866
485 885
226 32
442 225
774 31
2 141
97 265
273 5
138 219
468 169
99 403
434 605
941 24
682 44
428 509
499 795
211 38
655 230
595 73
763 689
320 137
492 812
371 157
815 734
77 626
973 258
142 294
565 659
955 156
852 630
785 765
59 275
648 678
572 369
222 242
523 833
611 400
549 227
397 925
288 184
698 769
844 701
980 915
749 996
811 143
627 676
540 437
28 114
794 897
190 506
843 110
361 387
999 727
226 255
981 632
519 124
553 436
862 557
999 92
492 328
399 269
550 260
146 761
682 947
688 355
652 811
100 800
742 883
105 56
894 917
175 688
72 889
614 750
30 942
104 417
32 20
661 665
459 389
850 213
4 380
443 717
776 408
542 995
585 224
762 315
237 247
658 356
315 243
925 935
569 448
208 143
402 496
949 672
243 720
154 276
377 474
486 640
924 451
752 649
363 525
509 211
986 626
364 177
735 357
856 507
100 887
606 563
464 959
231 18
554 65
489 827
653 674
432 290
817 791
855 31
526 41
536 807
111 93
178 317
89 344
136 119
463 340
338 810
634 799
550 200
577 175
695 203
347 677
814 182
432 288
604 484
713 210
953 80
385 237
633 982
723 213
735 526
494 287
252 420
27 173
736 916
994 112
350 990
58 913
875 886
489 441
133 470
148 233
199 400
546 539
747 675
692 913
343 861
726 591
352 475
664 192
921 96
856 888
405 139
531 721
101 250
511 615
989 558
710 274
991 970
874 4
966 2
426 440
962 510
897 141
62 210
662 580
816 438
570 351
434 38
744 442
183 771
518 631
767 503
122 766
55 475
985 958
749 185
238 152
323 630
465 287
253 22
305 361
229 239
131 623
650 882
429 965
209 95
864 574
309 669
704 485
43 709
240 867
995 697
293 7
435 306
890 396
543 654
566 738
217 651
268 663
538 707
221 933
730 1
521 791
384 234
621 725
632 687
758 104
835 57
348 748
148 241
943 839
423 575
67 971
477 444
248 621
891 181
893 248
652 879
295 660
352 559
705 235
40 481
335 66
687 87
680 282
709 810
368 493
0 792
145 609
927 318
713 657
74 380
109 972
59 266
508 258
272 754
378 326
996 653
75 273
846 504
76 617
71 863
887 346
420 97
931 586
808 14
341 368
337 923
522 987
431 755
881 844
381 129
924 773
876 809
544 450
123 83
448 158
446 886
356 284
891 227
71 484
651 837
244 367
982 149
541 312
401 575
395 578
10 947
425 300
520 261
218 589
997 445
30 829
876 189
295 934
63 472
729 951
137 418
693 117
9 587
68 215
512 832
714 807
922 176
167 354
159 820
156 296
488 777
105 909
463 530
473 918
451 447
839 284
778 696
781 694
91 699
335 152
553 957
275 51
163 690
649 93
911 800
251 195
139 324
514 388
715 120
394 155
954 960
732 551
936 994
270 233
410 530
654 548
437 412
371 572
64 914
992 988
245 307
597 588
656 311
910 78
12 262
349 884
417 706
600 165
748 161
794 763
944 634
979 869
516 138
882 87
600 469
369 18
376 719
308 590
263 390
331 291
336 780
676 953
183 260
645 923
869 173
757 355
381 588
285 108
413 604
624 740
786 422
43 480
820 414
277 900
684 517
214 916
9 857
823 430
96 506
330 660
187 86
582 698
168 640
392 602
937 936
339 528
406 377
821 86
978 818
723 516
302 151
103 586
826 840
153 824
633 948
785 397
937 933
191 783
391 467
67 539
56 528
670 561
51 702
557 722
583 353
140 279
45 146
781 564
601 411
454 787
435 421
126 780
938 121
745 663
883 608
188 201
505 54
535 696
488 700
885 283
78 382
743 491
46 677
249 878
705 656
817 507
302 483
160 906
979 662
106 674
416 718
813 22
598 39
756 556
123 501
843 7
551 533
79 447
775 37
234 681
874 568
127 866
3 372
412 194
63 728
988 449
895 904
193 756
862 619
228 232
34 408
221 142
274 150
135 88
197 834
909 744
329 121
870 643
126 974
223 392
602 457
803 23
319 502
334 174
20 327
46 242
901 379
931 840
426 25
118 17
263 383
383 848
36 490
834 251
351 163
665 344
166 308
796 638
584 324
987 732
357 465
585 28
592 267
858 873
202 776
433 264
70 144
790 591
930 305
460 77
57 401
155 289
323 359
786 872
848 865
720 8
81 799
589 61
321 199
471 972
389 545
870 566
558 255
667 304
362 90
144 474
983 620
789 761
806 556
552 950
33 613
290 779
703 655
567 757
129 965
825 362
860 990
606 788
313 132
184 975
246 292
374 779
256 185
518 436
623 359
707 472
700 119
193 457
733 569
124 693
318 534
977 997
461 94
62 3
341 257
567 635
177 491
922 641
440 555
690 670
636 806
455 739
541 715
702 603
683 609
740 684
84 80
940 614
906 637
325 271
508 209
393 920
188 907
622 547
342 513
222 631
454 478
60 225
597 903
576 502
117 650
365 379
13 179
879 824
439 878
571 35
1 868
993 968
192 578
481 728
487 398
224 52
890 439
34 969
529 261
164 343
821 963
306 952
418 991
115 639
939 82
453 745
831 622
94 497
181 160
905 679
374 428
145 332
180 549
957 247
286 712
962 405
852 294
946 456
40 851
644 259
708 114
358 45
170 900
53 314
299 658
317 736
413 85
283 679
966 462
230 170
533 47
849 686
581 26
462 672
731 89
419 977
899 838
450 772
795 11
10 772
751 842
268 525
136 482
127 110
334 629
960 240
373 471
64 19
694 172
404 337
76 830
570 768
250 788
441 98
265 741
476 99
50 107
266 851
345 532
13 727
617 616
15 169
762 158
253 269
239 427
830 327
410 208
826 620
176 971
692 214
803 910
223 15
280 524
285 958
565 438
203 560
854 871
603 643
387 70
583 641
544 207
162 593
406 196
956 611
599 212
298 552
686 793
81 902
607 661
819 903
771 11
427 514
249 697
202 961
102 967
619 871
797 29
592 228
246 483
716 278
6 477
753 647
58 91
328 685
515 964
938 816
873 579
534 452
482 113
841 430
85 918
411 458
216 932
276 12
928 946
433 60
929 493
415 613
33 372
760 612
801 970
764 796
734 841
737 563
384 395
860 229
892 898
983 206
453 115
901 455
296 486
309 487
904 191
376 479
704 151
905 637
180 746
628 364
404 849
212 252
316 44
195 25
896 884
642 598
495 610
232 961
157 754
822 416
262 675
855 562
84 407
174 198
722 981
599 200
257 596
171 29
244 393
399 746
312 537
365 360
267 350
685 542
65 236
967 545
753 282
394 346
373 669
789 915
945 764
147 998
974 164
719 338
36 770
292 293
301 140
576 944
601 747
498 128
42 464
205 880
322 667
109 194
833 546
75 102
131 554
892 952
842 423
743 928
877 92
171 271
388 460
625 385
111 942
998 134
330 349
190 503
513 985
402 53
468 466
770 494
798 802
562 765
522 975
254 375
69 118
624 769
907 495
421 625
755 850
500 608
161 564
559 864
775 645
316 646
760 531
238 378
712 297
742 197
310 167
584 581
333 639
638 579
187 120
6 245
666 469
787 409
837 178
122 857
561 737
527 716
419 95
948 659
279 520
386 782
386 537
424 899
941 888
264 281
932 784
547 678
179 459
363 147
969 204
861 896
517 107
836 865
535 818
198 927
880 930
382 717
577 784
48 204
54 196
422 348
366 47
738 52
128 681
66 582
956 515
825 37
926 703
298 898
815 523
90 739
353 321
16 500
166 21
354 220
671 802
721 304
449 993
596 314
201 741
370 835
375 24
724 125
846 259
917 303
847 992
55 326
23 390
767 48
955 804
954 217
671 360
458 792
642 444
813 254
49 571
774 828
470 908
281 467
580 986
853 512
590 836
587 303
912 919
689 540
510 893
872 498
153 511
524 929
976 859
445 805
478 989
278 812
280 573
396 370
895 289
881 325
473 159
219 831
301 568
490 832
270 116
940 216
69 759
708 307
629 548
135 647
112 130
758 914
79 768
822 103
168 339
497 593
72 101
607 867
452 505
519 116
691 186
536 935
342 657
291 902
934 612
805 814
797 574
35 272
205 555
130 951
403 340
711 431
322 854
429 16
532 646
61 828
256 543
751 320
945 610
189 479
236 628
664 231
920 845
695 182
605 39
149 50
759 125
798 729
644 331
0 838
943 446
443 313
74 504
635 496
573 220
336 724
113 277
680 218
949 27
150 501
823 863
968 73
345 476
19 889
636 858
162 782
319 827
973 172
42 980
398 790
714 726
49 41
801 819
83 68
859 88
921 725
415 538
480 875
673 425
733 673
499 959
407 5
133 718
683 310
529 300
560 809
847 8
414 976
777 793
939 750
106 333
908 668
666 297
710 627
98 299
926 618
466 616
