5000 4999
1626 4389
3975 3739
3409 4104
1311 4767
4753 781
1663 4880
1568 1339
4304 4066
1421 4400
1152 2374
4798 4315
4523 3629
4234 2142
2079 858
2115 3202
3048 153
2428 4103
803 809
854 520
3530 4169
1717 4888
685 3559
2116 4899
105 3642
4396 3172
537 2872
379 194
4014 413
4592 1025
1642 3135
3387 366
1749 3926
3540 4027
2937 2232
1998 4919
1684 2694
2153 4978
702 3251
4352 4164
300 3030
1349 4538
2366 4446
510 4541
2162 376
607 3979
3063 957
657 4887
3131 1689
222 2475
2285 1504
4920 2156
2784 499
2945 1094
2816 1160
4871 2744
226 3753
932 770
2161 4700
2674 507
308 385
3820 3133
1384 1143
3174 1668
3389 2425
1093 3636
1106 3610
2228 3519
2643 4018
280 2017
3464 726
124 2624
378 2572
3141 474
3800 4858
2312 4198
4738 2054
2348 1504
3586 318
4039 1409
2028 123
866 4384
3529 4976
3427 3779
4902 3920
28 3759
764 1916
2693 410
3436 2932
3811 1225
1196 4157
4770 1875
3996 3567
1942 4919
3396 3671
203 4626
1309 4853
1726 2520
2150 1168
3319 3610
4917 2999
4429 2588
1452 1369
3819 3433
4525 2449
2388 4088
2584 2728
1427 4709
4577 2616
3836 3288
2533 1353
2851 3181
473 3978
1618 3501
4837 1099
1701 3059
2579 2631
2044 965
3192 1355
3377 1864
514 4428
4049 2072
1048 2834
3373 2373
853 2183
4553 2908
2360 117
263 2230
3648 1351
3885 619
1221 583
2043 541
4833 4567
2322 3173
2778 3081
2515 1100
705 350
1166 628
4169 4119
4035 4219
3138 2059
3499 881
3791 1428
746 3193
2987 4962
3489 396
4841 2359
3675 1957
1988 3685
2159 4258
4098 4549
2783 2992
2455 2017
4314 2178
648 990
4460 3185
3869 916
1428 4515
1445 4780
3741 529
4548 3403
2936 2248
2188 410
2728 4405
4829 3032
2488 1659
930 520
575 879
1693 4138
4347 4521
4211 4983
4283 848
3392 4244
186 3206
3900 2194
2401 1873
1411 3317
2403 1295
3624 4401
3425 481
3133 1587
612 2044
693 2176
1031 990
2123 801
41 3512
2295 3896
61 4738
3852 4971
140 2449
4208 51
2 1045
3980 815
1405 4269
155 4249
1658 1479
2904 136
2125 4283
2220 829
238 3817
4725 2200
3199 1016
4137 4124
4955 3842
1007 2886
302 618
1034 1390
2737 356
2448 3327
3405 1081
3301 685
4173 3299
2398 2832
243 1583
3736 1957
3812 2774
924 4867
4662 2641
448 3716
3814 938
327 3333
256 3462
2610 1881
4952 1816
3117 1810
2151 936
4939 3905
855 1205
160 1800
2009 3384
4879 4366
2370 3499
4070 4483
4875 2866
4429 4307
1657 4153
493 1410
4628 3847
1811 3929
133 2004
4474 175
950 2854
1955 4836
316 1117
655 2764
1608 650
1654 3224
3949 1205
2989 4630
161 554
3809 1277
1626 4412
780 2245
892 501
2965 4784
1580 3521
101 2949
2534 3393
4165 4841
1450 4418
745 4491
4970 4900
3943 2736
1353 2166
908 1885
3811 1848
3142 2707
2088 1938
2790 3986
4519 2645
2508 4919
1686 2026
446 475
194 1521
1623 1104
4953 1265
1561 1152
2585 3503
1541 2894
3344 3889
3341 2449
792 2696
170 4941
3896 3225
4247 4225
3008 3903
487 1124
1035 3922
2598 3378
1154 3271
564 2480
2995 337
4765 1152
4056 4578
519 454
1933 386
2835 1469
2273 1880
280 2613
4751 1481
3271 4581
3536 1856
4408 3476
3855 1060
4351 681
134 1113
2680 1345
2236 2511
2090 3742
3856 4550
1311 2155
2577 79
1341 1062
3776 2560
4092 453
2321 1535
2121 1750
31 3056
2004 3346
4226 3058
2761 1878
980 3386
4917 2079
3275 4061
3769 2894
1895 4079
281 4319
1842 1288
4067 2233
864 2615
2117 3513
4606 1282
2643 3466
3768 538
2253 4109
3704 482
4335 4986
4298 4939
2646 1960
2333 1295
3178 4488
3733 385
3016 794
4349 1557
4102 3982
567 1542
4093 1203
1157 199
4189 2300
364 2598
165 1123
3159 1757
3279 3126
2420 2373
3340 1484
3038 4132
3286 2669
2123 1240
1847 132
2520 2386
3539 1133
3250 4000
4736 4943
3799 1527
3792 2251
3311 2113
1392 3953
3385 421
850 1328
1039 1280
285 2420
2981 4308
1964 3003
3813 1792
2403 995
1725 2741
2451 2925
4622 3196
4671 3608
1910 4292
1557 331
1908 3673
4617 1655
2867 3100
3901 591
846 4531
4087 3240
4439 1786
1580 852
4013 2073
1454 1616
1627 2417
3159 3446
2129 785
3728 1063
954 2329
2753 1021
880 1691
2858 597
1954 2112
2252 4250
2030 493
610 4615
3668 742
2004 4287
1345 3048
3088 57
3568 2766
1712 1816
3870 3584
1657 3598
31 364
1397 1055
3944 812
4868 1238
957 730
2047 586
638 4223
561 2541
2739 4599
3880 4122
3143 4810
2280 3213
1826 562
2193 4721
1673 2626
947 4192
4273 1443
3473 2467
285 1873
3629 3536
3216 3604
1353 4943
2341 1146
4978 3550
2840 1802
4373 3675
1213 2676
3123 1991
4144 339
3668 711
4352 1968
3317 2582
4059 2544
1691 4792
3320 4049
812 952
2988 4636
239 4746
2904 1977
2985 3971
4251 4788
2889 4412
1929 2922
4139 4420
37 262
2271 669
1417 1415
467 2361
2437 3575
4008 1839
2298 4987
2363 1922
3684 2351
617 4095
515 4306
2360 3390
285 356
3457 2470
1055 1257
1503 2123
462 2659
4870 1319
1709 4435
2741 2871
28 4737
1426 607
3526 3985
1878 1815
4383 3256
604 3676
1228 1464
95 3628
589 1418
2277 4949
2422 3881
2019 4005
3531 3510
4275 3855
3203 1400
2816 3945
4010 2241
285 1677
854 3266
3905 498
2923 1317
4870 3691
4579 3852
485 2493
4794 677
274 463
3601 749
3890 1923
3367 736
1825 4590
1154 2890
4192 1059
4061 3701
1339 2440
1528 845
999 4973
4916 1262
737 984
4592 4606
3796 841
4688 409
4362 2519
3520 3776
3629 3863
2597 1185
1275 3629
4121 4763
3085 124
2132 3700
1001 2454
2981 285
2922 3786
2335 455
1662 4404
1763 493
1174 2974
196 46
4486 2478
578 4015
518 4371
2629 2489
3486 1004
4528 3671
450 4609
3219 4566
903 2677
4453 3795
1433 982
1543 1226
3712 1721
4772 2195
4194 3258
4135 888
760 1866
3773 3174
4473 189
1058 4623
1580 1374
1739 3290
694 1691
1434 1950
824 1776
2702 2474
2202 4465
2309 3419
3608 1545
4870 2995
4630 1059
1618 3079
2419 1216
163 2366
1868 1823
4561 676
2355 3941
2272 3475
1571 2138
1475 4076
2049 1240
1272 969
1435 4795
1285 3951
3592 3488
1030 227
1506 1842
2118 630
4931 3443
3217 3553
1848 1827
1429 960
3935 398
1829 79
506 2437
1790 1658
3502 2842
4048 4199
503 2819
2614 3358
1675 3280
4458 1679
2979 3392
3619 3423
3351 2680
55 1537
336 376
2861 3785
1715 173
4722 638
39 683
1162 3335
3190 4984
1915 848
4888 1336
3670 915
1521 1722
1957 1082
231 3589
4851 843
2254 1885
3742 765
132 2608
2605 739
1800 3995
2802 1722
1011 37
1322 524
4071 3515
3491 4205
312 4618
4658 2642
2061 563
1390 2438
1115 2889
994 2028
116 3742
2965 3030
3780 2226
569 453
2647 3025
1326 3309
2669 3813
4795 3558
919 3378
3833 1472
2217 1105
2491 2646
372 4821
286 3868
1653 3965
4811 2441
2915 2966
2822 1398
1518 4527
964 4239
3907 4744
1883 3399
4046 3452
1645 3515
1294 2878
1644 3394
1483 1612
3802 4923
1377 2509
4134 1295
1788 2622
4602 4540
4931 394
2653 4018
4082 1186
817 900
2700 3061
4432 4915
3117 4061
2693 461
3640 3433
1485 4597
111 1753
2309 3102
4814 3434
4899 3188
4110 2178
2787 3312
895 4637
80 4201
1329 4034
540 4097
1132 152
2562 255
3407 474
2055 3
1492 4159
3662 4835
2009 1124
3800 251
2796 1484
4260 3311
2603 869
1312 4134
1514 1867
3068 809
2354 975
4572 4096
4108 2479
136 840
176 1654
92 2637
4476 2042
2078 2902
1536 1922
3777 3617
3420 3193
3644 2910
1561 3217
2285 4607
1672 2641
2922 4002
4348 3687
17 2457
58 4499
3333 4785
4989 1239
3553 3665
2698 3153
3928 4152
4773 564
4471 4988
3300 2079
3714 978
1869 1561
3236 3847
2269 3954
759 4421
242 661
2640 1358
4183 3409
4447 4114
4118 2505
2934 4981
2681 3985
4945 2196
307 3587
672 760
1836 1160
2011 1465
57 1651
900 1059
3367 440
3847 604
739 4260
1017 3961
4537 1892
3727 459
905 3411
1405 2194
1944 2630
4661 474
3790 296
3672 1786
4982 1112
3712 1607
3618 2215
136 1942
511 1962
609 4345
2938 2002
3111 899
3125 2004
3514 2749
1061 3324
3322 356
4554 3593
4176 4706
4995 4685
596 1704
827 1913
1470 2729
3606 3912
102 4562
3392 2069
4941 1834
1626 492
3253 121
648 3539
277 376
4185 4107
973 2125
1034 4292
4409 2936
3206 1763
3128 4349
1376 531
3324 4374
3282 3726
1489 3385
2977 4006
3593 2918
4546 1168
252 4477
3986 1438
3642 4963
1157 3496
3037 2570
252 333
2434 4529
27 4875
218 1448
2365 530
1671 2114
509 948
2272 556
1327 693
2378 2650
3993 2257
3515 1737
1646 3240
2841 3767
4349 2023
1523 1683
838 4135
4761 2177
4426 4948
4347 649
1497 2510
4137 671
1612 2084
3572 1439
2762 87
3016 1992
4538 4361
4191 618
896 1905
4246 244
3182 4705
3156 2123
1928 3680
2319 2903
3162 886
450 2237
791 31
2119 4327
4778 2190
1111 2558
348 2722
2013 4265
1335 4360
421 1711
2891 2924
1027 2577
3627 4380
3848 3527
504 649
4628 725
2711 4418
28 2080
121 2128
3361 3404
122 4070
3911 2892
3592 3721
3047 4816
2817 4450
4195 4115
654 329
4150 1765
2937 2242
889 1680
450 1961
3150 3637
3807 2762
4663 4331
4889 4237
2930 2528
4973 959
2686 3401
4020 4990
4987 681
537 1497
1847 4569
4217 624
1034 1462
1324 4928
4669 3435
2559 995
4292 3723
74 1139
4014 4976
3424 4282
4025 3592
3768 3742
3664 304
661 4557
4384 2046
1897 3012
3575 3368
3069 2706
2820 3145
669 20
2985 1347
3995 3784
4133 4308
1325 1979
4837 400
2657 4631
665 3333
3186 4046
229 4432
3294 4735
115 311
3655 2240
3364 3841
2220 4619
1591 1421
4103 4106
271 928
2655 3198
892 2929
3997 2751
3774 465
1868 2074
2470 78
4486 2956
4388 485
3509 3265
258 4735
1474 2649
3737 254
3247 3968
4688 272
4327 3206
633 1381
2576 4022
4002 616
3531 2535
1612 1205
417 3001
1890 577
3616 336
3007 678
3991 3292
3611 1553
212 2065
2376 456
1666 3935
1878 205
187 3070
1128 3592
3297 1825
3480 2270
4440 2428
1574 4310
1865 1535
2659 309
4213 1352
1980 2750
3425 4737
2940 172
2843 3338
3258 1814
4587 2013
351 2896
4527 499
2729 2067
3581 3889
1116 2335
4822 1802
1035 4529
346 2807
4522 949
201 2165
2222 4455
3161 3635
2473 1466
1548 224
2403 3857
3770 1057
3280 904
4454 2008
645 4852
4730 4165
291 3470
175 46
165 4049
1647 2242
1943 1926
1008 530
3172 110
3258 4724
3358 2889
470 2202
3167 4341
3706 4207
3471 2235
1818 3178
4687 864
1731 2500
1616 543
4987 4978
1556 4131
2747 3530
4349 2941
3874 2005
1918 3886
3194 2972
4801 1545
653 1526
460 2098
4139 739
1800 3803
4556 3665
4830 4779
2828 1895
2307 14
4918 1784
4032 549
3552 1747
1144 4725
43 4033
382 2026
2722 249
4815 4188
1599 3008
3343 39
2085 614
4795 1926
2111 481
2304 1191
2671 4545
4019 982
3524 4537
3701 448
360 2278
4079 4911
4666 1971
1421 4492
961 4458
3915 1355
4566 3743
2517 3425
2890 604
1049 1529
1632 4156
2574 3482
285 1459
2704 3574
47 3203
270 3970
4804 432
3541 1079
4633 3239
1540 524
1841 3983
3120 3595
256 2469
2227 588
3426 4371
4764 4052
4646 4613
2244 4587
3339 4163
4373 2414
4157 2703
994 2917
4195 2350
250 4198
2158 3259
3011 4355
1369 4496
1103 81
251 2645
3570 2605
327 3935
3834 1357
4708 898
4642 3767
2948 3523
2511 742
1523 1671
1915 1453
1869 1131
4842 894
4209 2270
3311 992
4983 2981
4278 242
822 120
2810 2150
3124 2528
4428 4166
447 1373
388 807
426 3615
2175 1815
530 2203
1188 2297
2208 46
85 3515
1447 2039
1353 4711
4394 1517
2575 213
1406 4798
2683 1968
1776 4737
581 1871
955 1430
2113 1687
1777 1697
2561 2906
430 1699
4430 681
4351 3520
4580 2783
3283 2636
4863 23
2120 1689
4416 1776
4953 1296
4472 2185
3269 2267
531 4174
585 4741
3606 2981
3670 1056
3860 4697
1100 3484
2819 2365
1442 414
2400 4909
4714 3795
2930 2296
2353 1010
1435 2808
3754 2214
4992 2561
4563 2517
160 1690
1833 4920
1355 4082
3947 4162
1736 1039
1041 4024
2091 1038
3436 3275
729 3427
3443 4019
504 4933
2619 872
4616 2570
1804 3446
4226 890
3168 3328
2735 1406
4818 4254
4772 537
3116 3400
3677 428
4045 3522
407 3709
4869 3374
4592 949
4345 4725
521 195
2180 4310
2944 4059
235 3126
4140 2800
1785 361
1246 1924
2055 4506
1115 3346
4078 1949
1900 2123
1020 4649
1888 4926
4247 656
89 1453
3365 4651
4422 1570
4877 1828
546 4197
3825 2288
3437 1605
2361 4829
1078 538
2642 3561
253 2413
4157 2722
4519 1032
4635 3312
3667 4443
3319 3137
3293 2197
1971 4988
3193 2666
4344 2860
362 2494
4728 2412
4614 4461
1979 585
2929 627
39 4380
1264 2409
181 56
3499 2958
2336 1645
1367 1426
1022 663
356 3836
4455 927
848 692
93 772
1729 1649
289 4407
2260 3357
1534 3464
2777 1727
4066 3742
2244 1840
1362 3067
3833 3374
2099 3742
1942 693
2821 4514
3666 4613
3089 4987
904 4899
935 416
4655 532
2144 1802
2265 3246
3517 2285
686 4401
1367 1885
1032 137
4947 493
4929 2020
1479 4678
2161 3034
2770 1617
1410 2012
2116 3694
2607 3853
3922 2286
4592 4844
4436 811
1428 1723
4686 3764
4284 259
3786 951
1116 2617
4671 4062
3660 3175
4586 2328
128 772
945 1231
1774 4129
3142 4266
4370 635
4073 4081
4611 2146
1215 4172
669 787
2069 2870
3331 797
727 954
1894 924
753 716
1864 3132
2198 164
3575 1723
3150 3577
997 2207
4454 1396
4253 1677
4917 645
34 1962
2530 1920
413 3245
4469 571
800 981
4728 977
79 4223
4445 2289
2632 3908
509 627
9 2316
3902 268
1559 3829
931 4839
4954 469
1965 1782
1625 1234
1244 1269
2383 4774
3178 2478
788 4291
3664 2744
2971 4163
2842 2381
4443 3205
17 609
1980 726
2749 4230
4199 3389
2141 1878
4532 1094
1189 3744
1160 4718
4689 4151
2942 3886
1016 4900
4439 2684
7 990
3585 2442
2443 2022
368 4338
3688 681
1205 3726
2703 4238
4786 2160
4214 173
4638 4836
2464 1836
2536 1354
4490 4401
1943 2898
4672 4786
60 587
2932 1806
1544 4655
1065 3338
3083 1868
2141 216
2381 1614
4591 2995
1585 4802
2157 1003
1826 1891
1653 4605
3695 1713
4236 4268
1036 1481
710 1387
4787 1598
2212 3891
1323 728
3248 1000
3338 2722
2486 478
1937 1329
968 3704
3092 4590
1665 930
1302 4928
729 285
4243 3395
2623 33
213 4450
867 1261
2469 1802
3045 1670
890 3475
1978 4050
669 3884
315 3565
4976 2363
4562 4622
3549 2634
2589 1950
2748 878
2313 1796
1864 3712
1323 2157
623 2996
108 3841
1493 1305
4649 4350
805 3168
4817 1748
1271 4854
4882 1706
4649 2582
2283 262
3876 3620
2140 3083
4175 4039
4976 937
1650 2918
3325 4290
4618 1242
2027 3511
3309 2892
4462 4385
4080 504
2779 1172
4640 1601
399 2639
2332 199
4224 1595
865 3038
2174 1578
4899 3755
1114 2273
2390 124
2965 2478
3374 2420
2720 3093
647 2864
74 4381
3305 1337
3230 19
4827 925
2773 359
2569 3739
4822 2380
3468 4221
2639 2859
3331 1363
4513 3649
3445 1661
1597 1049
4428 118
4310 1187
3804 750
4583 2525
3206 4877
1012 1808
3693 970
1123 2270
2216 4096
2011 3157
2929 196
4494 2137
4719 531
3118 3166
2539 3001
2763 627
3730 3700
1083 57
4280 732
4152 1757
3991 3904
4259 483
640 4491
1710 1845
3966 4102
34 1879
4398 3083
3365 772
2130 230
4976 84
1939 365
1070 2309
1045 4368
1367 647
4125 3376
1495 4996
855 1696
3147 2266
3124 1643
920 4125
77 338
2783 3360
2233 3033
3838 1861
4678 902
4287 2327
3873 4878
2771 792
4170 4631
4479 3166
2675 3852
1385 130
4069 2436
1447 1954
3626 3853
470 314
3020 4945
1561 3170
495 1385
3277 2310
3878 2813
4949 2760
2384 2064
585 1362
1479 4345
745 1555
3915 182
2209 1264
1695 3075
598 2172
4700 3862
410 1901
3814 4216
2383 226
3586 457
2741 221
4322 2209
4723 4090
2253 3495
2818 4295
2647 4205
3807 2557
2007 3980
4927 3534
3584 4342
963 4837
4562 3859
4257 1821
470 698
3355 4574
4101 2098
4490 2165
2660 4964
4152 207
1507 4003
513 2197
127 2785
3294 4346
3666 4148
3999 153
1068 3706
2773 1089
3840 3395
3509 3599
3682 3870
17 1692
4010 471
28 2451
4200 1317
1691 96
3431 738
4725 1820
2976 3603
4356 120
1431 4677
691 2856
4919 2244
4150 3366
4519 2527
4171 38
1032 2767
4032 170
4053 905
1577 336
1154 453
4461 3430
1282 2873
3537 153
3033 4898
708 609
1743 2889
4619 1118
1671 1626
3761 4061
4482 2681
3653 844
3353 4846
136 2695
1705 2731
3219 389
479 3767
834 1616
1484 4752
2551 4019
1367 4353
2256 286
4279 1134
849 1282
3027 1138
4685 3298
3238 2410
3542 2775
767 541
4438 1959
2627 1136
2663 4362
1397 1352
4176 204
543 1557
239 655
504 4105
74 4019
1389 585
4533 2421
1682 1122
3114 78
197 2093
3160 2766
3603 2570
3449 4249
2009 1766
2248 2793
302 2514
4974 60
1385 4712
4039 2953
1897 76
581 2475
2107 1162
21 2755
2002 9
1352 1222
2567 4908
3751 3501
1479 4553
4783 2409
772 2220
4619 4396
302 4318
3530 4903
3521 1193
3735 2079
3807 1512
3778 2165
1235 4228
3423 2178
1829 808
4399 2431
1178 1420
2093 4987
4802 2371
1662 2567
1495 3103
1663 3134
1458 4332
584 3841
3405 3141
3298 3960
2363 2708
2708 721
2549 3706
2247 4862
2651 2177
381 3257
657 693
88 1726
1969 230
4734 1253
4439 3090
772 515
4250 803
1200 4186
4917 2668
24 3158
3315 470
2211 620
3257 4417
4283 336
4947 3845
4218 3272
2478 1796
4680 3155
1198 1153
1808 1633
2654 3176
2805 4257
4136 3864
2071 4007
1243 4880
653 295
2723 1028
3479 1195
50 1692
488 2279
4713 627
3691 1228
774 2824
356 1826
2037 4215
4846 3275
4014 269
4116 2584
835 3309
2274 4136
4536 3639
4589 411
1030 3093
3815 2553
3318 3886
438 3431
846 1793
1175 4964
9 3867
3426 3633
1929 1911
4650 1340
1790 3258
2182 1216
2375 1402
4599 4036
812 2379
249 2362
4530 4097
1413 2697
4268 2866
1705 3338
3617 406
3808 1630
2979 830
684 1349
4247 1509
3963 2853
2069 4495
2196 3989
1682 2371
4579 2710
1038 1
1129 1754
2689 1905
1061 326
355 1233
3572 3666
3391 2351
857 537
3229 3583
1743 2953
2706 2525
1455 2162
2619 1852
2764 3987
750 2834
2295 1658
1107 3835
1061 3905
4466 3574
825 810
4396 2471
3645 862
1996 4958
842 1568
3940 2819
3586 3025
3360 2204
3229 148
436 177
437 157
1542 257
3581 1594
4404 368
4835 2476
177 868
374 2017
1436 1244
4549 4074
3322 4006
4170 719
1749 1611
4187 1511
1977 4821
2483 4864
1727 2737
360 2373
1663 3328
4533 2743
4286 1203
2068 2239
4814 2542
3347 1498
2600 575
4007 3799
1471 4990
2952 4661
3736 1029
2986 4420
2883 522
4221 1934
2715 4919
3868 178
2706 2972
4735 4065
773 1428
4407 4880
2340 1607
2065 4248
1917 1749
1863 1115
3994 2631
3532 915
1689 1488
1967 4327
1006 524
56 3586
3387 3524
3731 219
3317 2786
2070 2545
2788 3025
766 1467
1115 1076
3241 1611
4411 130
2044 3992
2984 3294
265 1586
783 3085
72 3841
3739 2
4721 2126
207 3202
1520 1121
4146 1821
1038 1677
3783 3795
2049 1328
3364 988
1443 1857
3309 297
1248 4639
1238 4994
4567 1564
3769 2858
768 2134
644 3650
3773 1232
4044 2107
3684 2718
4529 2066
3125 1542
4179 4669
1797 4952
503 1026
3190 4777
3053 2008
935 3603
1480 3705
2211 1516
1045 3349
2636 2205
729 4588
4870 4475
3238 3637
566 3424
4723 870
975 1205
4155 693
1481 297
692 3010
150 853
2453 637
2047 1781
992 4142
4698 1644
3091 3310
4059 4518
3019 528
2979 278
661 3302
3977 4596
395 2173
2882 1807
2215 4564
1912 4508
1970 3379
2181 204
2159 2185
3744 1748
3177 2066
3258 357
2271 2349
3915 1685
1758 4274
2512 963
3458 3209
4049 4412
1105 998
3882 831
3572 1442
2988 4469
162 4420
4388 602
4233 1023
2159 4510
3652 3085
3801 4740
506 3976
3362 2888
68 2352
428 4976
2325 890
2911 4061
3423 4978
3014 2636
1681 650
4281 4388
1094 3250
4676 481
4602 914
2013 744
2855 1320
1770 3967
2902 32
1869 3453
2110 4936
1875 2110
1214 4468
1218 1120
25 3282
3967 4457
4441 336
3933 193
2746 3448
4948 3319
1543 344
1963 928
4114 499
3575 4143
2635 2718
1459 1619
851 3708
188 3021
1500 1876
3423 1482
2583 85
3623 1977
4845 1351
4959 3367
1266 4261
1421 3400
4789 1283
1588 2949
4676 818
3422 840
4490 2660
21 4305
1863 1546
3461 606
4495 1304
724 1693
337 1269
520 4628
4225 2351
2201 3914
1359 742
1137 1508
4826 2205
4123 4154
4626 3021
945 2069
3661 1092
3036 3731
4321 1777
4748 3060
67 1097
986 2964
386 1199
1262 1009
2011 1658
4106 2276
1801 3406
4023 683
863 3836
485 2133
1767 2124
3882 242
899 972
2751 3060
4521 283
2259 2722
494 4948
564 4059
3649 224
2446 2832
4760 3294
4933 2564
1308 2914
617 3022
4035 4624
1858 1042
280 3636
1184 2311
4694 1658
4575 4332
4327 4733
4358 3456
2144 2246
3935 3154
2872 1412
1402 3574
4476 4019
3237 174
3022 3317
4274 1418
953 4333
3086 982
545 1652
1378 3088
4953 4167
1856 605
4540 2248
3366 2529
2583 1951
4946 4472
4159 3545
2994 953
2079 2323
1157 3650
3155 2765
3550 4041
2258 3518
3528 426
4406 412
1787 3586
768 4757
2167 1406
97 4655
2007 1034
2792 3059
306 1819
3461 4366
1252 1943
565 398
1996 4355
3640 4862
679 1408
1426 4
3609 3580
1543 235
1768 2338
4961 1621
2186 2742
628 4933
338 3025
2953 4337
4212 4595
4077 4355
860 1443
1287 4275
2962 4033
3597 3113
1444 4398
4463 1372
1640 3856
1360 4442
4866 499
4009 3144
2105 4704
2036 4429
1520 2764
1730 1646
433 70
1539 3676
3410 1288
2948 3110
872 1499
2711 4200
786 79
3518 4635
2894 723
171 3706
1692 4956
2335 2988
424 2193
4212 4393
4554 1567
1959 4081
1767 44
779 1973
2804 342
3906 936
735 4093
2028 4340
211 3763
573 1986
2514 4013
3832 3691
808 4507
436 2051
1648 1855
4016 2687
1645 4471
4490 3047
2098 2850
1110 1324
2420 4047
46 2874
2207 724
1354 4437
1580 1962
4587 45
1192 2611
85 2918
793 453
2691 4018
2846 1561
2652 4495
2032 4892
1723 270
2875 538
356 441
2239 3109
918 3718
753 4654
489 2890
3715 4494
1755 407
1451 3393
3053 3468
1285 2022
3398 4819
4073 4547
4574 120
3496 4484
4079 3670
4546 4037
1088 1596
3128 1532
4086 4120
2475 4049
1563 3354
2025 3403
1352 3569
398 1796
1677 2706
1316 3521
725 670
4551 136
2535 3911
2830 1767
3094 2644
490 944
716 3395
955 3693
1201 2820
88 4893
2180 3727
2402 2472
3492 4705
102 306
350 1135
2803 4913
0 4250
4209 403
4642 3486
752 2947
3919 3809
4222 1909
2071 74
3671 1468
2053 4114
4032 4327
2320 2612
722 215
190 4882
1032 1717
1442 1528
484 778
3531 4196
3306 3316
4254 3520
3249 2974
4139 3957
4038 106
542 997
1401 3575
2815 524
4866 4241
2238 3210
1724 1674
3913 528
1846 3973
3967 3981
100 4868
2783 2324
2751 1497
3491 1015
1562 1769
1293 1979
1873 1514
1723 4345
573 572
419 2470
2907 2904
2442 4239
2570 3877
4464 3360
4400 2155
2328 273
3152 4737
4656 1651
4444 4440
1784 1202
3909 2757
3214 720
3814 4425
4364 2740
1441 2785
2741 1561
488 1375
963 4294
406 2384
3520 3889
1812 4187
2572 3782
4988 4251
2840 2701
4316 3663
1245 1003
4861 3684
3589 280
3787 1418
3932 1788
4467 1265
4693 3699
1002 4117
1457 4490
3016 2462
2573 2780
3986 4650
4618 593
3206 9
3469 3379
2773 3956
1838 3160
1145 2820
2400 431
3139 3166
2587 1345
1435 1948
4136 4596
2885 1611
4209 2447
225 670
4812 2598
1499 4750
732 4482
611 2030
177 4564
1394 2926
3306 2121
1298 3296
2693 1247
3098 1479
4632 4006
1686 1853
398 2677
1682 3609
3645 1314
4035 4847
1741 976
2732 4070
3427 1117
2426 2810
1885 356
350 1055
4932 944
2203 946
4552 3456
4130 170
3620 4408
3467 3631
1508 229
4151 719
2587 433
4568 1750
3299 1691
1615 1535
2791 154
2356 886
429 3227
536 2483
2221 4058
4305 2729
2674 2198
979 1107
2704 3614
4876 1559
3521 3504
1367 1593
1966 2129
4763 129
3702 1443
4874 3107
2723 2794
332 1125
4899 4188
1932 3560
4100 4158
4471 3743
2584 546
684 4753
4866 3144
3294 4083
1926 4377
2590 4195
481 2726
1778 3369
1862 569
289 4168
1005 3811
1837 410
1965 1771
2827 4878
747 1203
53 3887
732 4886
364 166
561 3939
4124 2751
3017 2940
3425 1751
3275 4154
3004 358
2465 4007
1186 1351
4890 900
4178 1542
2143 2890
1007 2187
4225 2813
2706 3451
553 2055
1107 2213
1692 4930
4966 909
353 565
939 1964
1403 2188
935 4257
2422 877
1796 2773
4051 2773
1171 3971
2293 1127
3043 4046
1365 3611
298 3611
939 3394
1576 1413
798 280
2204 837
3469 3382
3021 2014
4678 1526
46 795
3317 2891
3325 2171
1887 3939
1302 1310
3586 3920
2273 4499
2161 1397
1904 3208
3914 1790
2300 2169
439 1622
1066 3609
4319 823
1658 57
481 2644
3270 2765
548 3972
4180 3017
3802 2550
2741 1273
336 3916
832 4407
449 1251
1345 1292
4030 3676
4895 1344
549 2163
561 255
2888 4574
1791 3969
3952 3662
2638 1626
179 4319
1948 1547
1893 2094
1578 3204
4942 1872
1953 4053
3214 3836
499 4611
3712 1538
3704 1091
3408 2783
3046 4213
1629 3265
3995 2102
2121 3039
1051 280
3183 3162
4618 184
1533 1431
4125 2808
4895 4328
2598 1572
2865 1841
467 508
4406 1803
592 1268
4300 470
954 2879
643 2766
1465 2820
3552 4213
608 43
2478 4498
449 1254
4521 2405
2021 4441
1088 2454
2127 1060
4711 4072
1510 2982
554 533
4582 501
2927 2427
1699 1479
2995 3996
2670 1244
4729 249
870 1164
3892 3282
4505 1127
4490 3383
969 3701
1713 4932
448 3798
3831 1881
405 572
741 413
2599 1652
2737 234
556 228
4460 493
4160 3783
4701 297
1504 1293
2460 4572
4557 2458
757 2658
3742 3527
3905 3319
1055 177
1636 1033
1900 3750
3307 4064
1770 3475
4193 1727
762 1045
365 2809
589 4793
1228 1041
2543 1775
393 1530
32 1751
2832 3959
4182 2527
2958 1752
3712 1790
30 543
4193 2616
854 3846
4323 784
2098 1915
4612 4982
1268 264
2746 4938
3101 4490
2427 1663
3160 323
1498 2264
1030 2191
888 423
777 1589
2395 3671
4388 4806
1994 3381
2748 1985
960 39
4104 1946
1561 3850
3644 2361
4742 3167
1485 1313
2423 1751
2079 524
3348 1357
440 99
4793 2394
1495 3831
4236 714
3108 1983
3441 2322
4571 484
718 3326
2946 2233
3377 2101
2783 1649
2817 293
4114 926
1411 1326
4046 1209
574 4909
335 2468
836 2834
2295 2482
1796 3417
1117 1155
4972 3244
2060 3312
4050 1977
3229 1689
3427 2641
4961 705
4428 1358
15 3611
4199 351
3735 13
2377 3799
855 2611
3745 2432
2745 656
1898 3627
659 2333
2160 3515
1014 1818
1034 4027
2981 3827
2728 601
4643 4370
2951 2261
1024 1478
2194 2706
1701 4597
1802 1302
2499 256
2754 1143
1784 2780
2719 4432
876 1017
2502 111
3338 3387
942 1130
1289 1693
4572 4786
3969 1641
826 2298
2820 760
344 943
4444 2154
1165 4679
1286 4357
2620 2668
3866 4136
1318 1908
4799 4934
3739 3295
884 1723
2439 2326
3795 4509
4540 1902
530 4762
754 2815
3765 2135
4524 2928
4057 2765
1146 3811
1032 2086
2048 2413
1427 902
4302 4286
1529 94
325 4581
1321 1948
95 2225
3833 1103
2833 510
3738 3728
4740 3091
1304 2857
2005 1654
2580 2694
4482 809
3444 3914
557 4450
3157 4206
3921 3700
937 3596
1936 4463
103 1784
516 191
2548 160
2619 3459
3038 590
4804 429
1103 62
491 934
3139 1040
1949 4652
4296 3547
1032 4668
657 2563
3359 2958
4239 3500
1386 3829
1569 1239
3853 890
4231 3700
3814 4325
2503 4260
4557 1906
2781 2574
2990 833
2058 838
521 2069
3717 2779
1962 4410
4916 560
991 2730
1785 373
175 3024
367 3045
1088 311
2006 3971
1557 4782
676 1904
226 2439
1054 1604
3512 431
3258 4302
748 592
1218 4941
3700 1480
3336 2775
1763 1638
1665 3221
1566 2492
4817 1090
1400 4472
1471 3322
2852 350
1207 4088
3684 701
4737 558
56 2596
3238 2565
2424 2263
2893 4109
822 1914
1894 1677
1714 3886
4776 3642
1988 1781
3336 3700
1109 4533
1064 4546
1921 685
3017 3478
679 4297
3184 1536
4782 3855
1230 4875
57 3248
4659 2147
3656 1280
2344 3230
3795 3437
1536 202
2973 2633
4519 1456
4873 2676
3283 4040
1743 1199
3404 1753
3207 4599
4317 2798
2912 364
2960 3182
3276 2446
4019 2872
1587 544
1460 4131
380 2700
684 1829
1728 2155
2566 4597
3029 765
1802 1320
1358 2541
1582 2069
11 1903
1279 2935
765 4559
23 4021
79 1240
820 2471
2508 4684
3350 3928
2480 3713
1874 3041
890 3189
3987 4177
3215 897
1734 2905
1366 3045
3378 2484
1075 2674
1658 350
4049 1573
1394 3584
2340 3984
2729 2716
4680 2826
668 4436
3210 2678
61 3902
1526 1159
17 3653
1037 59
813 4926
1795 136
4389 1742
3289 1498
4021 4302
3224 1712
3963 4735
1938 55
4253 3738
3305 2917
4158 4757
4625 1407
3812 2808
4933 2833
3486 151
374 2590
3402 3648
3217 2445
839 1999
136 573
3026 2896
2305 323
2590 3960
280 1058
3328 285
2068 565
2472 4675
2650 631
3294 704
3107 1074
2703 2632
4252 1197
470 3840
1505 911
1220 3967
1509 4904
1295 3005
3850 2192
2142 1337
4807 1151
3254 1487
2536 280
4481 3214
4433 336
2862 4326
3780 3937
2040 3268
604 2180
658 3124
4585 410
410 4955
674 4209
772 3481
2568 243
1689 2811
3240 1642
2248 1691
4431 655
3044 3467
4012 4019
2454 4756
4059 1263
4362 3411
352 1677
349 829
4998 2584
2000 3319
2459 2225
2388 3217
1568 2860
1747 4695
3972 2420
4247 2772
4337 2969
2416 4060
3677 4240
3000 3469
3955 2328
4635 431
1512 1432
3520 2052
2801 695
706 4141
4283 3946
4428 274
3758 1740
757 1870
1480 3001
4882 1655
893 3704
4327 3171
915 2521
953 2422
3836 3625
4796 311
3392 3294
400 1057
350 2746
946 756
3666 2901
3113 3619
4058 4620
1451 4192
3264 4305
145 2194
1359 3998
2968 2734
4821 3917
2809 2630
1897 1975
462 3372
17 2878
3125 2753
2561 885
1957 4907
2031 2262
1852 211
2149 1409
1993 693
4212 144
14 4757
2590 2474
3066 1873
1486 1370
1813 3082
2302 3608
3267 4828
2705 298
4031 4263
2482 2909
3816 4117
3435 4723
2567 4392
4678 2339
2547 3340
4249 4825
1358 1700
4777 2026
3072 3757
1779 4576
4290 1680
3465 3268
2221 4500
2913 1295
4594 439
1465 1908
570 4057
1128 1095
1210 3008
4045 3589
1418 3475
3450 3619
2049 2319
3793 2197
848 2352
2264 4768
2286 816
859 4763
2063 1095
2006 4210
1598 4290
3752 2050
2572 3278
4979 4151
1128 4797
1073 2999
1324 3948
4547 4487
2180 4129
4777 1530
2128 3641
480 2145
16 3855
2334 2002
1743 267
2435 204
4452 1513
3959 552
3893 3425
3159 3953
2733 3206
4063 855
364 2807
4301 1046
558 4720
4562 4007
1809 4543
2354 4808
4299 2730
4276 4329
1293 1661
801 3511
2207 523
1583 2904
4091 3600
1662 1404
1405 4239
4387 4854
4714 3078
511 4324
1590 692
541 3404
136 1743
4407 2026
684 551
621 2988
3334 2800
4822 2099
329 3390
4772 1919
1351 2062
232 2187
4363 1858
1303 2379
4854 675
1163 4777
458 364
3307 2025
2932 1184
2546 4396
587 75
3930 1724
136 4835
396 3666
4320 3694
4286 2672
2567 3475
745 1767
4312 1446
4434 3301
684 3434
2992 1240
1859 4256
448 2717
3254 4714
2314 336
3634 1700
4120 681
3836 334
4050 3805
4010 3304
4495 2636
2664 2107
3309 587
26 21
3140 3927
4660 4476
2479 796
2353 3075
2991 981
3636 3435
1473 1596
2007 1636
982 1484
2274 2714
2612 2578
4288 4345
1418 2053
1656 4706
17 4840
1350 1568
996 246
237 370
1159 662
4150 4082
405 1361
2396 4780
4147 1035
19 3770
4014 4270
1517 4232
332 4997
3501 4969
828 3439
4128 4966
3142 1885
985 1673
2267 453
2152 1842
1486 1154
2592 4314
874 3327
3826 280
1524 1189
3590 877
939 1878
2461 882
2487 934
404 2533
1345 606
1844 1103
3621 3346
2740 1262
3579 4380
1219 2049
3795 3781
4466 1640
4897 1878
2985 452
1650 143
4883 1354
4345 4870
650 1627
1367 1653
2580 1051
1802 496
1043 4726
869 1390
3166 1957
1572 1613
2322 2144
613 2730
4805 1024
1703 561
3479 2531
668 3139
1239 2290
1212 2570
2737 637
3051 625
3000 4838
1208 199
1119 2223
2260 1882
1169 2334
4500 2992
3261 2322
1480 578
2387 1269
2045 823
3281 1901
1517 4964
4684 371
3258 3802
3424 4976
569 625
3417 987
3425 1952
3188 2076
4165 1749
1002 1256
1117 1388
3033 1561
1261 4223
1067 1535
125 3324
3220 1666
1523 957
2041 542
2773 1315
1085 2023
1666 500
1863 4641
2785 749
505 1128
315 3644
2561 2582
4986 1982
2960 757
2602 547
4626 2064
2491 1006
2318 3310
2676 3415
3586 1796
3275 1150
4468 2729
2306 4599
3697 1634
1692 3163
4185 3889
2598 3727
2456 1120
1355 1623
3133 759
2696 2112
2185 247
2108 3720
165 4380
513 4099
1480 2148
2495 2653
1543 1358
476 1366
1301 939
1266 4736
4236 688
3571 3782
2497 4583
404 1678
1664 2735
1802 279
3430 563
248 2475
4065 2103
692 1996
1837 1515
975 1754
1115 3562
3481 2372
814 1894
411 564
4447 3711
610 1414
3483 1311
2881 311
290 4969
3163 2432
712 3898
2734 3273
3605 3684
2306 4323
1836 1557
2367 543
2881 966
4138 2825
2917 516
3994 4941
2937 3704
1723 4450
53 4754
4912 2610
3749 764
3795 1785
3775 4542
2198 3420
4975 693
3371 2393
4427 2541
3013 2001
3696 1980
4096 3663
4102 3654
2090 4999
3721 2501
512 2567
2653 2089
4970 2507
2837 164
1980 3311
1671 2279
1761 4987
3293 1142
1630 2306
958 4996
2252 2429
4727 622
1038 275
3650 1900
2145 2389
3096 2104
2136 4495
2186 1017
57 528
4665 4599
2880 1623
1798 566
1593 1716
1315 2954
4692 2508
2478 618
2899 436
4375 2931
4467 1932
2709 3158
1336 4516
4240 3371
3589 4571
728 2315
490 1598
3507 3833
3514 2606
1498 2964
4763 1328
4957 4314
574 2018
4170 2187
4441 2056
2052 1760
80 4964
2354 785
4927 1173
554 2353
3545 4977
2267 4514
2974 2866
3367 1973
2963 712
3563 1790
4052 4835
3165 3083
1775 4198
3817 3088
468 1427
892 634
2659 4725
2488 3595
358 4323
3001 2019
2222 2507
2011 2479
1950 1240
2951 4841
3038 1284
4947 2097
912 4089
3055 3345
2929 240
4460 833
1707 2785
535 2705
3959 4214
4479 3555
3284 777
3275 1743
4610 1617
4842 529
1149 553
425 2067
3367 989
4557 4470
1421 180
3319 1461
3880 2589
3322 1968
329 4343
2900 732
4553 4511
2530 2717
2159 453
3986 2416
1249 4756
4061 3439
3298 435
897 1790
3316 4330
504 4977
593 2506
4230 2418
4412 1885
2887 4772
2345 1292
4853 184
1008 3772
158 2581
3509 2839
2295 1053
3310 1654
1908 636
2819 594
1809 3505
4922 699
4463 2292
4505 1205
1558 3104
472 3520
1853 4749
3933 502
1013 4489
2224 4221
2741 691
4865 2055
3486 504
3839 504
445 3469
2671 1950
1102 2481
3912 2038
4135 1780
1947 1466
1570 2066
361 3872
4068 2026
2072 54
4847 1202
397 3142
4732 1509
1799 4842
603 2993
1973 2287
158 297
375 2604
1740 1635
3224 3415
2012 3548
2189 1974
1949 2634
4676 2468
1859 1486
209 1035
2184 3494
1394 4503
4562 4202
1122 4887
53 4451
1738 4082
1702 3073
4940 514
2859 518
2730 2160
4889 4346
1640 341
1954 2992
2985 3883
2343 4136
821 1265
3719 1530
2835 1860
113 3016
450 3346
3308 3468
4870 1271
3986 3472
933 4455
1356 328
3755 3028
4429 4560
2452 589
4372 2577
1891 3023
4309 1015
733 2819
1779 2965
3885 4466
4962 1352
2500 3461
387 739
4684 4245
2235 830
1498 622
689 2543
1045 3211
3394 1332
3022 2295
1364 539
4795 4856
1272 2655
3799 3233
324 2055
4010 4056
4650 2678
2777 3398
1168 1702
2301 194
3292 2693
2333 3591
3391 4872
2705 4703
3070 3861
2364 2772
1995 1212
2378 4778
4452 4368
4018 3849
400 3503
4285 3496
3022 761
2933 1064
939 17
3737 1984
1291 2002
4598 2806
328 579
2523 3428
3124 629
282 2087
3181 3873
1375 1884
3412 1994
1093 294
581 3703
4079 4603
3117 4601
3217 1612
3507 3097
3776 1387
2552 223
31 4221
1989 1147
3538 2828
1928 285
4112 486
3385 2420
3930 159
1268 1203
3545 1994
3863 4558
3375 1450
138 364
2978 2822
3764 2053
3685 1829
709 3807
3743 3228
3382 4277
3395 975
3935 305
907 3810
1645 11
3551 3305
3525 2485
2366 637
2275 4212
1170 4113
4900 4965
2213 4376
4860 922
2593 641
3528 1486
489 1105
2625 3123
4353 2957
1067 3203
1001 369
3535 1526
1107 2922
3499 1799
2598 862
350 1248
4965 115
2182 1586
2337 1519
2591 3292
3582 3671
3744 3130
1852 4627
2795 2881
1889 429
3272 2250
3589 2552
4342 1384
4527 4910
1085 1789
4989 2894
2363 1641
4758 1790
177 2308
173 4145
1483 3754
2034 3292
1003 3613
614 1377
3990 3909
2355 1092
2184 2749
4993 428
2584 3918
4026 4001
947 2299
2128 1603
1280 3106
196 1575
3038 17
3858 1346
210 4922
4857 2459
4670 2941
1634 3753
3632 3798
4359 4721
1855 543
3835 1413
2197 3234
3074 135
2642 22
2854 154
4479 206
3091 843
4497 3435
1598 2459
2656 303
3573 3325
874 4800
2212 3078
3770 582
1657 2570
2532 1018
940 848
2704 1709
1719 4984
930 2947
688 4075
3266 1018
3147 471
3304 3232
589 2190
2996 829
3810 1002
3599 1236
4408 2366
614 3176
1108 2614
4648 4342
4910 2970
4650 3737
1942 481
4014 2651
577 1446
4126 2041
1248 3129
482 2106
2209 450
475 1686
2792 2097
4369 4399
4555 4345
3454 873
2309 131
1579 4597
3095 4408
2255 3170
1309 4229
751 2377
2117 212
1506 2179
1204 3224
823 3746
1425 1904
981 649
2910 4863
4127 3232
3429 612
3305 633
3424 319
4406 1480
2666 2516
46 4119
1898 3413
1057 3668
1199 3473
2752 2212
2614 3838
2234 262
1289 4156
3577 4708
2478 69
1972 852
2126 2997
1057 4882
3121 188
2130 609
61 693
2017 2889
3499 4906
3447 4456
2884 1317
1555 320
4032 1059
3698 3616
214 4135
2257 112
3303 2546
677 2983
788 3756
1726 1182
240 2096
2971 939
1807 4527
434 1373
921 3690
715 3683
1673 1393
3806 389
1367 4327
2229 1373
159 4014
2262 3619
780 2231
4707 661
1285 443
3083 4778
2295 4284
984 4311
3222 3127
141 4835
4039 923
2300 806
599 3380
4991 2525
4227 1491
3734 1240
119 1115
749 1353
742 1957
975 3693
583 4737
3829 1087
755 3905
3152 3477
975 1057
2835 3730
1586 3905
4961 1809
1069 460
1533 134
3586 1107
3137 891
3637 177
910 1332
5 4647
1403 2690
2604 3678
1940 3266
1341 167
3897 1056
3388 3748
2598 4268
4570 960
2783 4235
1566 4848
2199 4998
42 4683
2492 2525
1581 3372
1119 1312
1744 660
4357 1371
4471 823
4757 266
3487 500
2415 3337
4573 1645
1413 120
2366 1077
107 2431
2751 1921
1608 1831
1331 4069
2141 2382
4590 3123
1097 1645
2556 31
4976 3509
1560 2977
4870 540
4755 74
1267 992
111 913
3637 3397
4917 2408
3657 546
3244 3415
1793 85
4206 384
4120 3941
2392 1372
4629 1664
2478 4091
3586 350
431 3212
2017 336
1745 4080
2218 3833
4572 4534
3373 1250
1522 1651
3054 30
1726 3150
4315 3454
3762 1651
3242 4896
1761 2399
4693 4412
3988 1746
4419 678
246 3255
4679 363
218 682
3831 1552
1824 4108
4215 310
4650 17
1319 2376
214 1181
1883 3006
3331 208
1504 504
185 3875
4535 2846
1126 608
1156 2449
171 2118
2667 1928
4590 2734
1419 418
3069 4896
420 3161
1974 3266
4743 6
3843 804
4055 2120
2388 3924
1912 1373
2473 1949
3992 2673
975 4964
1379 3078
1307 1180
1338 1109
3430 725
1054 2048
1367 3031
4207 4884
2441 365
2224 3643
897 365
3400 851
49 4672
3025 2687
1034 2044
2003 2943
3683 3421
3373 646
477 2741
2921 3204
1130 3978
2164 3762
3216 745
4448 3009
355 3636
4539 2064
4609 2849
4491 1185
154 4078
4809 2397
3310 3729
3843 1975
538 624
3982 990
4685 3136
3088 3988
2422 3515
1684 2010
2342 1180
2743 516
2082 3942
2686 1682
4153 2280
4725 1391
3675 1200
3685 658
684 3822
1384 4926
1062 2836
946 1624
272 3008
1044 2906
657 4200
4362 3410
3204 3249
3069 3175
3386 1225
620 2833
2682 3007
1762 2836
404 2385
2015 4145
2130 3724
298 971
3576 1605
3879 3268
3458 1495
1835 358
300 2662
1526 3414
4747 938
4252 3391
2282 3174
1178 4488
4462 1407
12 655
921 1271
374 3873
1107 1262
2799 599
3312 4224
4726 3520
1203 776
4413 4010
3947 21
2433 4763
4283 3955
777 4593
4657 1568
444 1463
1631 3063
2159 2009
2026 4927
3659 1881
2185 4199
4313 3850
1633 3608
1810 1935
241 3647
4357 3151
3965 642
4966 3450
595 1709
3274 1085
1313 1334
2102 2640
555 1237
4524 2703
4249 1327
3237 3925
3348 4596
1307 88
466 3428
15 4998
388 4005
3705 2623
3557 534
1908 2330
1111 604
3112 3169
3416 1239
3556 3399
2381 1502
2187 1768
929 4572
4823 2737
1756 967
2415 1458
4428 1854
1657 3722
3262 3808
4149 4968
2383 4716
3700 4634
4334 604
3390 4472
4663 1651
276 2155
1397 3311
2621 4790
1183 4111
4114 1141
656 451
543 2919
1906 3854
1311 4480
695 528
1679 4670
104 2792
2219 4956
576 1007
1241 4158
4351 1556
2913 1669
1399 2112
3795 2541
4045 4439
4448 4287
165 606
1128 4155
3125 4104
3797 1156
681 4859
1285 3108
2704 2759
3291 776
4824 4311
3964 2463
29 1155
1248 1554
408 4791
1571 2582
4843 1956
1790 782
2953 598
4960 4468
2066 1490
1913 42
769 455
3342 1653
4502 1595
1589 121
3099 1557
3493 2951
1358 1259
4799 3675
1872 301
4642 3497
2955 4795
1781 2713
1601 2575
4820 3416
1189 126
4657 1612
549 4976
1705 3180
310 2057
2458 1297
2140 395
609 4485
2170 2272
3910 2580
2330 3554
609 3357
3799 3064
2889 3990
2931 3880
2872 1045
3668 4644
2294 2420
3240 2066
2897 670
233 3748
4822 742
1790 1773
853 4141
4982 1023
2233 770
301 1826
3133 4101
1440 1481
1498 4180
4627 2130
789 3558
3149 4513
1642 1280
3675 3681
1941 2277
4696 3692
4127 2975
4608 3383
4383 3971
3312 1584
491 1610
2582 1360
4637 3588
1578 2838
1127 3062
4597 2036
1811 491
467 4855
193 1810
2571 3049
4519 3752
1977 2700
345 2822
2180 713
2186 272
4772 3042
636 1913
4906 3888
2749 3142
626 1239
2832 4296
956 4345
2652 2748
1058 4711
2347 3678
2560 156
1355 4599
4668 1965
2571 350
2784 252
437 3836
856 4123
809 2489
4803 2634
2095 4201
2098 4118
2268 3163
154 615
3525 1175
1100 2817
1486 3110
3210 4951
1873 3418
2063 4850
3251 61
1639 2840
1748 1950
777 983
2049 244
1759 2404
710 3440
4021 2738
3433 34
2001 488
4985 2407
4878 4017
3639 1003
1397 1384
1375 3330
4595 2992
2971 1609
4966 1348
4419 1419
4579 4771
1205 4165
3714 4291
3018 3658
350 2317
2477 3986
3316 3239
543 2679
3436 3958
1777 1130
2329 2604
682 2117
3369 4496
962 61
1931 2879
4738 527
1301 2518
3146 161
1049 1751
464 4567
4535 3679
2002 2618
3557 1601
2104 3125
1886 1661
3475 1925
2549 83
98 332
2444 2360
1264 2601
2541 2669
4311 651
1699 550
116 1688
4831 4689
1330 2548
3328 660
639 1815
2685 948
637 2055
1508 429
1884 10
2814 4958
2895 152
1080 1367
2477 1278
4350 3460
3718 783
4610 4681
2221 4526
1822 1023
2504 3093
746 2980
1533 786
728 3640
2295 2800
1464 4839
4085 2371
36 952
3955 236
4630 3566
717 3827
3852 356
287 1108
3019 3120
684 1235
2404 3950
4737 3292
3942 568
199 2358
38 3833
1883 3961
2964 3328
1531 4414
4396 4697
176 1769
3684 74
1498 1333
946 4964
4272 4988
4779 3989
1698 4199
3831 1694
2473 604
1623 3574
1598 1584
4682 27
4294 2727
4289 1857
4471 3428
1136 803
1958 1826
4693 877
1224 3085
1612 4965
768 1417
690 530
1565 2949
4451 1802
1777 2539
3000 3544
1526 1140
1148 4588
3327 2109
626 2818
3236 3410
3912 2538
1531 3474
57 2661
3490 1989
1794 529
4119 3669
3027 1980
4743 3070
4835 3367
3232 2737
3936 1123
4921 2832
2710 3931
2876 2352
1474 3072
4490 542
4905 4409
3081 1763
2180 3795
3727 4626
3048 2335
131 1395
1355 3636
1981 4799
4049 1211
1531 2459
3195 4131
4953 1045
2561 4621
3938 2697
4565 4167
720 700
1891 600
1084 2245
2800 3927
3323 4379
3358 109
1406 2721
848 1784
3442 199
2602 2812
945 2847
1565 2966
3379 4557
268 3651
1656 3057
4423 4188
3638 2915
2357 4385
347 2483
196 214
2066 3607
1048 2430
51 4567
4967 106
4861 220
4456 1959
2105 3914
1754 1580
3687 1154
1052 4395
2295 589
4083 3065
493 1283
3823 971
589 4801
599 621
2648 1905
771 4398
3356 3706
575 2477
2033 642
2961 4044
4214 1367
3789 138
100 3553
2789 2429
2551 2656
871 3346
2243 1620
1987 1643
2939 2417
1511 3669
2194 3075
1845 1063
1584 237
3786 1179
2845 4721
4365 518
343 1397
555 2090
3701 1270
469 3886
4029 3219
1009 1305
3535 4391
214 1673
114 1577
1288 1343
2039 3564
1367 4046
2411 1641
1839 1924
2496 2958
4517 1071
4598 877
245 2541
2672 3809
1885 3369
2403 2273
2965 1422
2265 928
938 3726
2728 217
1319 3235
1156 1832
742 4351
2196 4462
2720 1300
1956 3229
4026 4117
3200 868
1382 2863
4702 2687
1676 845
4379 3819
2249 3667
2700 2087
1467 2788
3332 4917
3688 3112
4520 2725
4963 4317
2284 3427
4731 3797
1447 4828
843 1552
1206 4148
699 3726
1714 4144
2889 3668
2571 4141
711 1708
2526 1831
3040 3311
1050 4169
1305 673
606 4415
3889 941
245 391
1156 3275
2094 2695
894 975
4672 2391
71 2002
2469 1930
1240 171
377 488
1117 2698
3068 2905
3646 3575
3415 292
2889 3306
1023 3886
3240 1667
1368 3475
2186 3259
2231 4987
4159 322
52 4380
3016 2706
4255 375
2233 3844
4347 4054
4098 39
2201 715
3899 1288
204 139
4530 147
1979 901
3853 703
3689 1558
1228 3326
48 1391
1959 768
537 3001
4672 3943
177 272
1405 4227
4982 1199
2633 4286
937 3093
2891 4303
2540 2293
1733 2363
2522 604
2306 105
4942 763
3105 1161
4944 3801
4527 603
3144 286
2365 513
2593 4286
4403 1363
91 1428
200 1390
3113 3894
4877 3937
3821 3300
2464 4544
3045 2929
1608 4153
3951 3935
4898 3438
734 3341
245 4809
4876 4496
1677 59
1870 1841
1949 189
1857 1584
2461 1354
1566 1132
2647 4744
1900 4590
2890 3871
4151 3776
2831 3503
1694 3923
1520 1397
680 2968
540 3035
168 314
2077 4850
1276 3863
2854 2016
2160 323
861 2135
1077 427
1295 1176
3197 4694
2470 1093
4895 4347
3201 61
2644 1500
3260 3776
2075 1143
2844 1934
15 1907
1255 1157
3508 1255
1617 3369
1626 1600
2872 1416
4145 3895
2032 1411
1982 3159
2848 1476
4358 4768
3706 2210
3167 4901
1660 844
995 3953
722 1290
1217 367
4860 73
2681 4653
3851 4305
579 3076
2296 526
1851 1384
2768 132
2762 4172
2598 3536
4048 4262
1895 4834
2842 497
1168 490
2357 3077
3742 1383
2247 3036
2389 1898
8 3163
3586 3782
1247 1927
2281 4841
696 1079
648 2006
4378 3911
136 3105
1367 604
1229 1051
3841 4687
2722 2880
4131 2368
4691 962
4400 1494
2911 3252
1661 3771
3139 3686
1633 4042
4891 3647
2069 2872
1246 3310
4011 862
4738 3080
3986 1002
4099 192
3425 1019
1102 273
768 1345
449 2509
2303 623
4781 1702
434 4673
1045 2240
1125 2017
887 2636
3218 4665
296 3529
4489 3100
3942 1413
1233 2059
1853 4419
3993 1986
3703 1194
722 106
1566 1720
1875 4089
4865 2883
3052 3316
1153 498
1074 2337
2024 1046
1740 2466
3193 1055
2131 3170
4738 2139
2139 3174
4210 3898
617 731
2314 478
1805 4771
2163 4271
3392 1512
2594 183
764 4980
519 522
3151 2214
4948 3084
3338 3631
809 4370
4468 4049
2178 2406
3243 4679
4699 2940
4319 1475
402 600
4255 3612
1964 497
1870 4738
1598 604
1028 4866
593 57
2064 4600
2483 4953
97 543
1175 3498
2301 1642
1637 1717
2555 3313
1899 1182
3494 3843
1706 4184
4923 4384
3158 3864
2877 4748
4587 790
1054 3814
4981 2488
4822 55
4083 185
4687 4388
3268 312
2129 3432
3048 2494
1392 1496
2081 3445
648 2116
106 4849
3033 3861
3964 1384
4478 3087
1190 1639
1231 4513
4795 4135
938 3085
2417 517
4349 3001
4293 4739
4860 3348
649 1477
1830 383
4538 299
1506 390
3878 4094
4049 3954
63 2748
2539 3257
4861 3119
3865 340
3837 4193
2203 408
1274 198
116 2769
4881 1358
559 769
4935 617
57 2894
4664 3017
1908 18
4678 3666
461 1158
4832 2630
2687 196
3411 1474
4339 2196
4350 518
4103 3916
993 2912
3504 1274
3683 847
3543 1062
3725 3296
1014 64
3128 4043
3023 3973
3819 3732
564 606
3692 3439
3785 1342
969 3050
499 525
2950 113
3249 632
3190 65
90 4216
4594 1321
1796 4766
1858 3594
2541 2574
3158 2554
1556 677
2310 3019
1827 3191
1904 4599
1790 3905
245 1850
3470 3827
3539 4734
952 729
1223 1669
1737 3263
2156 2053
4029 3796
875 2252
4203 1560
1565 716
839 4735
4810 85
1268 775
2069 1550
181 288
263 2637
2348 4501
3794 3425
236 3226
1558 2541
2513 2232
4403 170
4411 4775
4656 483
974 2301
2872 1885
401 1031
1764 3666
1047 2203
3015 1345
604 3578
1384 1234
2135 1785
3222 4628
4950 3373
2083 3910
465 1108
3193 1628
82 583
1742 2466
1463 1857
3369 610
3325 2243
722 2722
2346 657
1406 1997
1626 3647
3702 3329
1665 1505
2196 3299
3002 4801
4968 317
675 1508
1308 43
2300 3847
307 745
3425 474
946 1689
3485 740
3920 1446
3664 3386
235 4424
3671 2541
4006 3115
247 667
2755 1306
4111 3889
4532 649
430 3934
207 2599
4512 2263
1098 3322
745 1875
3322 2220
268 3818
1661 687
1016 1299
518 415
422 4484
2848 2178
2525 4242
4351 2594
186 1592
4154 4070
4463 4803
4943 2472
4382 1389
2331 209
4004 231
2709 2122
4002 330
2974 3479
2107 3783
1770 2776
2712 2571
3932 3152
4449 1016
4687 2508
2595 1096
4754 149
1162 1775
3162 2114
2373 2057
1043 2003
2168 2659
40 282
2768 2699
3415 171
4584 716
1373 1638
965 4885
2647 745
3962 4470
2652 1732
4950 4279
2883 4161
3378 4719
3463 207
1103 896
1424 948
407 759
1057 1240
1329 4425
56 3519
2688 4211
3974 3885
1945 2703
146 1179
2289 435
1101 3839
4190 2602
2177 1510
580 3741
3824 3562
819 193
4412 666
1990 2858
284 1400
1642 2123
4715 235
1583 758
4846 3122
3314 1449
2595 2498
4220 4388
130 126
136 3953
669 4158
4311 2366
4949 4386
4517 2093
3334 4367
2904 2524
2085 4028
79 516
2711 1170
2913 4717
1022 1809
15 3370
698 1525
4293 4169
3896 3087
442 3026
2959 3261
3714 3025
1563 3282
2868 1469
3055 27
2490 38
23 4033
3166 3285
4067 1849
3715 975
1843 2855
1847 4084
2537 4694
2383 2992
3707 4886
4702 3237
3847 212
2291 4034
3106 3546
1943 3760
3811 2314
2691 976
2366 1997
3363 1907
2647 3785
1326 3674
2309 4747
539 3446
3954 3775
4710 3027
4397 1565
792 3968
3685 2797
4466 652
4970 4647
4807 4066
2314 3231
4665 1260
1862 4759
4246 3622
1358 4658
4680 1611
345 681
981 614
1853 2758
4690 785
2450 1418
3085 1504
1877 2172
1032 4490
2491 1830
4341 2107
2692 627
1747 1258
3658 1200
3748 1107
2632 1380
4336 2998
4868 906
2545 3411
509 3815
1825 2288
2384 2100
1735 2880
2214 3455
4360 1060
3516 2844
1801 116
3760 2628
3342 2916
1743 2024
3272 2071
3607 3828
1507 2724
4069 1995
4223 679
3539 1024
4402 2883
3290 3322
2029 1415
2595 4283
1602 4204
1147 1572
340 3503
3325 3667
618 2584
1427 1718
2904 4596
3722 3792
697 4032
4706 481
1070 1177
4029 2297
4599 2230
4780 1908
2006 1986
160 802
1449 2398
79 541
38 3830
2230 321
3354 1783
4645 4626
4459 655
1227 1299
4181 1587
3849 4019
2407 3392
1658 2803
2461 4924
1680 3725
4412 1479
3960 967
3022 936
3327 398
3512 4031
4394 1817
2206 4253
385 986
4667 587
3744 4149
972 2054
3720 3352
3747 3142
2920 3973
354 4113
4666 1086
740 525
3417 2756
1282 352
438 4200
883 1048
1423 4910
3872 169
1209 4390
1437 682
3635 2937
3738 2035
743 2740
4395 3826
2931 1072
1564 3110
4914 2011
313 1263
1055 392
4260 1618
3788 3619
2022 4520
1281 852
315 3740
66 3377
3781 774
3319 2823
2889 1421
1651 4836
4199 2415
2763 2147
1772 1186
1057 2369
685 1976
3306 3321
2570 3223
4112 4274
4900 3890
4180 2412
1895 2862
3425 2253
4827 4216
777 3217
2869 3214
142 4183
1858 975
124 3287
1995 4329
1738 2020
4498 2586
1427 2025
4649 2329
212 4937
3950 768
2609 199
955 4925
4693 1167
707 3159
3299 3135
1551 2582
1916 4155
2863 3272
3858 2781
54 3630
2829 181
4151 1191
928 4399
3880 86
3533 3271
3110 246
261 3309
1602 3468
4003 2751
4834 2403
3148 1317
4267 3300
2576 732
4134 1896
491 4471
3041 4290
1486 4482
2156 1909
1074 1980
1898 1606
35 2591
4155 1341
1231 664
2092 4882
3298 3901
4007 4745
3852 4721
3969 4604
4354 2442
3313 2474
2602 2285
3272 2779
2602 2935
2652 4894
894 2079
2998 2632
1949 4679
3602 3178
2804 3213
1704 1734
3299 917
2578 4451
4769 3216
37 4747
4264 388
1034 170
171 3720
4441 3469
4973 4535
4949 1832
193 3164
1549 1010
3541 23
1141 4790
4493 1653
2967 4511
3187 3257
11 4504
400 2665
328 2813
3074 1479
1048 3589
1847 3443
3710 2483
3814 4489
1590 260
3832 3071
4899 588
1861 4813
905 1501
3179 2082
3714 968
4641 4637
799 3436
928 2130
1813 4595
3869 4725
3766 3645
2066 1212
2889 4674
3506 896
2263 3460
2782 4838
2574 825
