5000 4999
1898 3315
4365 835
4769 4561
2862 2731
2082 4944
2354 1334
4606 4800
958 3323
3066 3127
436 217
4136 33
3440 698
3769 3393
594 2007
2495 3308
2095 797
3459 1097
2604 4507
1751 1738
4834 3175
3408 1393
3309 442
2054 1544
1881 3542
4500 1089
2209 2197
454 90
1246 2906
2554 969
1960 2381
4357 4687
2323 2228
4274 2277
411 663
2413 4773
665 236
1549 3042
1924 4450
4596 822
310 1533
416 3499
3473 1997
2717 2709
3888 2792
3263 4994
162 4046
842 2124
3764 3336
1804 4581
4686 1139
255 2229
2012 4252
2623 483
803 4235
2291 3252
2669 4297
86 1531
2584 4422
2774 2217
2886 4540
2203 125
1348 3381
3418 2915
619 4196
3998 3445
2667 2693
2035 4595
2328 248
297 1811
4379 4532
4880 3345
3469 307
2705 1134
4251 4733
1187 4100
47 4743
864 4600
1000 1591
2579 3951
4166 3648
2725 2031
4254 1495
2940 1906
1073 4334
2221 3306
1325 3675
2754 3624
3044 689
295 2162
1693 4123
1471 4665
2151 15
1067 1630
499 1596
2639 1304
1693 4905
2255 4511
1048 3346
2216 4744
3905 4599
4519 1012
3506 892
4670 4510
3655 4105
1782 4406
4324 2400
3376 1724
4041 4576
4327 2802
2423 2808
3321 4981
3922 2861
3968 1453
277 905
4106 2556
3798 469
954 997
4671 3460
281 2320
710 2182
4403 3570
3668 4766
2015 2376
868 4299
3976 3947
640 3435
4624 2238
4271 600
1032 2158
1025 3376
1683 2101
3246 805
1262 4795
3332 1663
2513 4754
308 841
2036 58
1918 4200
2745 1316
1893 291
4045 4414
4306 3823
1112 4912
1109 1314
1780 2177
4758 4984
1223 4961
4610 4363
2187 325
2573 4936
4510 2492
3521 4206
2522 1976
1245 605
4545 223
732 197
2518 3417
2865 4075
1362 1695
2350 1126
1638 4542
4669 3664
2418 3018
2957 3277
3213 690
3657 3864
888 3453
948 1178
1114 3666
2170 228
4566 4699
2678 3099
1397 487
4935 1852
3370 707
1075 3928
4776 4506
3406 3095
2083 4499
3069 1623
2278 2305
113 1963
3701 4384
4150 4600
1487 2956
2348 1581
594 1273
478 579
407 4121
2966 3578
1238 2450
3979 3900
4370 4213
2273 2397
4605 3791
1139 2372
113 2421
1809 4368
1917 3713
3912 2920
2480 3348
1542 4901
2198 975
410 1190
1332 4003
3860 2538
1591 335
1235 157
847 1117
635 4405
2776 2247
720 2483
230 897
1133 1278
871 1125
3493 223
1570 3837
3026 1155
3861 1840
3974 4696
1626 3002
3651 1261
2465 2982
1765 911
908 4679
384 3561
4645 3608
866 226
882 1580
1678 2803
143 2346
2211 3104
4203 1546
2992 218
2978 4954
968 3833
3486 2536
2056 4797
3442 16
3169 2600
535 2240
1745 4883
3818 3993
4019 2622
2496 526
3815 3251
1474 3626
4267 3956
464 649
3329 576
3934 3940
4738 2762
1163 3740
1368 1179
4640 2050
2955 1669
4956 2996
1215 317
1568 2285
3065 429
1272 551
811 1786
2035 2127
2543 4238
3662 1388
255 1198
4073 3408
2134 3068
2552 2842
395 2642
1426 2998
1918 126
3297 4594
798 1703
3952 418
4017 95
4032 4661
3772 3626
1506 2951
3951 1457
939 4060
4856 2732
2127 3687
4430 2810
3515 4863
2426 3853
3360 3290
1650 2246
4776 4276
4859 3918
526 4491
365 1978
1327 2703
3169 1297
2943 149
1467 4005
4802 2047
4259 499
4862 3249
1913 4889
36 3476
1888 3415
4765 2591
2514 3993
68 244
3912 2471
133 359
3996 945
3331 1777
3946 4618
2471 3194
632 2312
826 3619
1126 4218
1118 4260
2735 3163
4968 4477
1802 3923
3453 4008
754 2618
2785 680
1347 1386
2662 2013
4537 1996
955 2333
797 770
2835 4418
2126 1765
650 3689
2178 1135
3849 1609
2776 196
2278 1441
1332 3659
2604 3773
4061 3727
4509 2955
2084 4625
3645 2980
2669 4617
2434 2564
4118 2428
3531 3734
2393 3550
894 1080
2152 1368
3008 3159
2361 2560
4501 4993
4470 2918
713 1336
1713 1871
4227 3730
2582 2207
4745 3507
648 434
4148 3523
4761 4840
680 3310
4234 2429
2580 1986
4306 295
3079 3054
4081 460
1327 2261
3517 110
2362 4012
452 1175
1968 3668
2243 2972
1924 4415
2817 3386
1922 2739
539 2566
2367 269
1874 1644
3743 4186
1143 1041
3130 22
3581 2021
1600 276
577 2105
4749 2779
287 725
813 583
1286 3118
1520 4838
4337 2304
1103 1691
3303 676
4099 1888
4808 1931
1281 1702
2085 1120
3831 1235
410 3010
234 4899
656 1712
3671 794
4957 1734
3765 3822
1610 1083
3807 3829
4801 1046
4250 2371
2249 895
2236 1584
4575 2824
1084 2946
213 893
2443 3104
2058 2876
4444 3033
4800 1062
765 1629
4692 2511
74 1099
3794 1584
329 892
4541 4181
3443 3763
2489 4943
1344 2136
1280 3794
731 4021
3252 3164
1333 563
1746 763
770 294
1029 3030
4797 1916
2338 1892
1959 4735
2985 2016
2990 4838
3782 4694
2349 1861
723 1037
3392 2714
625 4124
3595 0
4040 4151
336 4285
498 2527
1577 957
1196 1099
1757 3574
2820 1577
2568 3642
1914 722
1807 2707
3535 3382
2767 3224
2286 1539
4342 211
2302 3680
234 2857
2111 2763
1290 2258
4702 2816
2307 471
786 4047
1501 20
1887 915
3044 3211
2532 3413
2789 4636
4453 3879
313 2200
2476 4044
4945 2587
4528 3062
2472 2149
1108 2008
134 2659
3074 3052
4305 1071
2657 4892
750 3316
3983 4279
448 3800
3772 4185
2691 2675
244 2701
3053 2516
843 3392
1101 2078
4842 719
3991 2425
3274 241
4796 2657
3292 3431
2254 1019
1061 3987
352 933
1934 4874
2315 4072
3681 529
4214 3003
2362 4215
1250 4262
4701 4985
2723 4096
4973 3227
4193 3871
4097 701
653 2608
3613 4451
2087 2798
1962 2812
2125 4253
3202 2521
999 1674
2785 1329
777 4628
2384 4411
4206 1243
348 3404
437 2782
159 4427
3114 3908
4289 2129
2306 1271
150 883
2231 318
485 2602
1205 474
69 3696
4821 4455
2342 3679
3816 3335
2499 1061
2123 1794
2650 1608
3706 2083
75 1171
821 2045
4592 1789
3158 3910
4691 2983
1782 545
618 2300
1762 1590
1128 1825
3530 422
2998 2495
1305 3486
4345 3047
3852 1949
2836 2837
4793 4175
3600 695
1007 2478
2726 3704
3830 2926
2348 2849
3565 4239
2773 2860
1305 3186
2361 584
582 1834
2256 1919
3841 3487
714 3926
2358 946
4664 3653
3117 1833
112 1861
2713 3529
4268 341
4785 838
1504 2967
4247 1617
1360 2383
4496 3273
2059 442
4876 3538
1773 4013
64 2091
1683 3748
286 4266
1200 2644
3419 3973
50 2772
4380 3223
1915 181
4506 2939
1284 66
3084 5
2711 2687
2497 3868
4471 1169
2078 2462
2698 3059
654 3223
3008 2609
224 3567
4255 1673
1739 814
3268 3907
2633 2764
2197 662
3895 1334
4174 4064
251 2424
1270 1113
1233 1710
1768 668
1731 575
1124 3452
1983 265
3381 3349
4611 2340
3561 2743
3480 2888
3146 4137
4640 2479
1503 1141
1667 3088
163 4243
2453 2303
3045 2960
954 1528
2433 2194
818 4106
4973 1201
3641 4804
824 4101
3977 4481
2363 1434
1574 1878
4454 2244
402 416
3500 2878
972 3233
3358 4774
617 1282
1004 2789
1069 2033
4189 2949
1514 2408
2062 855
164 445
3698 4646
2329 1133
3746 3248
1119 2747
4605 4002
103 1554
2702 4074
4553 56
2524 2341
1090 1781
3280 4562
153 2377
1272 4778
450 202
744 3560
509 2506
3063 2632
2020 1620
1930 3263
1326 3603
4300 3940
3832 4976
2959 3849
2761 530
284 624
4940 121
4886 3576
2414 4227
679 4403
3683 4678
1856 3887
4619 564
3672 2365
1750 3695
3775 4609
4453 1905
4308 1121
4664 2908
1203 332
1092 428
736 4916
2191 3346
4237 2023
4830 3508
1529 82
3103 2705
1318 4161
4923 4997
2066 2450
4805 505
3138 4926
3573 3611
1108 1044
4233 572
612 4661
1264 2252
3229 2945
324 924
2233 2212
4481 2269
4631 1022
275 2922
3835 2738
1002 2703
4945 3957
4582 386
1185 1275
1606 2109
176 3471
533 4684
309 3217
2592 35
1273 2390
4681 4965
801 3385
3426 4276
3108 3656
58 3198
250 4248
2491 2770
178 391
4653 241
3598 4016
4129 409
1907 1732
2911 156
181 4386
3569 3696
462 3733
3450 194
3301 2170
1491 2781
1076 4621
84 571
1432 4388
415 3733
3990 1363
1341 2025
4095 1360
3995 1306
4356 1895
554 3124
4991 430
4658 1999
1283 2882
1904 2667
4783 1078
1176 4998
4732 432
2582 1645
1720 4020
1494 188
3380 1741
1526 2485
3302 448
2090 1569
1648 4230
1530 3307
454 615
4853 14
4129 2841
133 1805
3043 1816
3503 3743
4890 3711
3282 2308
4145 967
857 3639
1561 245
1252 1603
121 4518
160 938
3647 2318
2545 4703
2660 1626
4846 3226
4004 1458
539 682
4372 1921
4386 4441
3836 2663
2763 1587
595 716
3286 3527
1086 3749
3649 1748
1023 3932
4444 4909
4409 473
3803 3100
1104 362
189 4190
3551 2042
3659 3343
2195 2052
357 4401
161 4756
4226 2921
477 4901
1479 2734
1268 1675
175 3979
1475 4225
3270 4570
3136 3776
527 3411
1085 548
1024 3856
173 1438
532 4713
543 4292
973 1110
3180 745
2685 1597
3309 3835
1616 4796
4598 3550
4269 3389
4416 586
2104 2821
1909 2605
4748 2668
1741 2823
681 2750
3078 913
1926 1182
2883 564
1975 280
2439 1339
3693 691
4291 4558
4328 2642
1929 3533
1866 613
1018 2848
4503 461
3464 3978
3344 3864
368 4086
1051 191
1715 3038
3304 2412
2342 388
3567 2626
3152 1436
4889 3193
1382 4731
1703 1977
3378 677
4791 4432
97 2733
4179 4224
1400 1718
961 3655
4210 4011
4138 2333
3363 4346
4875 4140
2202 3236
2297 906
1226 1676
4931 2649
2069 1429
3777 1281
52 3121
1800 4798
148 982
576 1767
1130 384
917 4148
340 25
2258 315
2240 4647
955 4457
1758 885
1354 978
864 2101
1688 298
2386 1283
2048 3422
2693 3126
1315 869
3866 1186
2567 2395
417 2486
3 4349
880 3042
3814 2635
3063 3170
2237 185
2484 3531
1524 3096
375 2140
786 1352
1763 2173
34 2146
366 4580
1555 1848
3704 2712
336 4702
2288 4616
82 4983
271 4359
4523 2828
1530 712
790 1993
3382 2690
861 4501
3559 4477
771 4325
2950 261
1689 468
2276 3166
991 3823
943 2818
3503 2420
316 2917
2932 2856
1592 1014
3511 4904
1009 1062
4178 2478
1142 1954
397 3336
1687 685
608 2726
2788 217
4476 1944
3012 3946
597 4766
4936 29
3760 2313
3845 18
2093 4680
3429 3133
4446 1116
804 4475
3414 4906
3377 1734
4270 489
1315 2108
2965 1857
3936 939
229 4906
272 4883
4132 2609
2698 3514
2565 4037
4160 743
1648 3648
2935 3669
663 1729
3050 4985
2291 3860
3006 4282
2165 2485
1366 4790
3554 3722
1347 2503
507 4700
1088 3397
263 30
2143 859
1004 1527
4982 3799
1876 3054
2684 685
537 3504
3005 1223
3674 1669
574 1450
3781 1535
4632 2064
2003 3004
1856 2736
3081 47
885 2327
1694 1105
769 4982
2464 272
2209 220
4900 1413
1226 1063
1872 1400
4659 1450
3572 2316
2652 3083
2822 3712
2074 3292
1000 3400
2138 3880
958 225
2542 2401
1015 123
846 2076
1077 2006
1245 3129
1349 68
3269 345
2581 3722
280 4108
1504 2308
3725 4518
937 140
2206 4257
4613 2883
3326 1582
4952 4452
4794 866
3262 3423
4557 4741
248 3654
3680 2073
2099 4395
1202 259
4280 876
3129 4315
2688 3071
727 257
3624 3637
4200 4771
4141 3753
2246 3295
1492 822
3462 4929
2997 3046
3172 2026
2002 4898
346 3548
3512 71
650 2190
2858 239
741 2097
2193 1764
3483 3046
4156 1089
772 4758
4269 2084
100 3718
2553 1935
2924 819
398 1620
4179 2269
815 500
4026 708
3834 1836
1446 2724
1837 3384
4688 3326
3396 515
896 1676
2930 4522
212 3148
3325 1819
1471 1447
4561 3941
4348 1901
1937 3543
3345 833
1522 4526
1878 4894
920 4197
73 4114
1088 4773
1279 3241
1463 3703
2671 1571
3049 2128
3732 4419
994 536
1452 4086
4861 2680
2359 311
4307 2505
4219 1606
2183 4927
4101 2523
4366 4329
4644 4799
591 2867
95 2245
2962 3399
938 211
4171 324
300 1780
3955 851
3288 3788
1767 3817
2512 4583
2465 3968
3461 4792
3697 381
3373 3610
3539 2260
1944 1761
2371 1624
2060 3481
3218 3641
1294 431
2578 1495
783 1598
893 458
4832 3458
72 4820
2121 4858
4918 4201
2829 1711
4818 22
1537 3155
4546 4747
413 4512
3904 2828
2009 4082
4472 3334
2733 2328
4709 4845
843 4067
418 4029
1434 3041
3809 3132
3279 4830
3810 3609
3750 4028
4959 874
3455 2219
3271 2865
1840 130
3826 2118
1716 2
4322 2676
4753 3501
1193 326
3961 1415
342 1649
1696 4835
3132 9
3920 2946
744 1823
2423 2111
1158 4099
1904 4826
3596 1473
636 379
2769 2463
2936 1764
475 4840
2282 4199
1145 2768
3466 451
624 4485
4238 3037
815 1322
4612 3742
791 1868
1603 316
1507 428
4470 1308
3489 3726
291 2125
147 691
205 2306
4445 151
3793 1081
81 4135
146 2192
4102 3093
4834 3339
4655 4110
4117 373
3216 1345
154 390
3058 2966
1753 3820
4085 4498
4950 987
3015 4098
42 242
2479 4705
1573 646
2894 1217
1690 1310
4620 3331
124 1455
4922 2912
122 4168
1797 3759
3684 2457
1342 3322
1869 2577
734 1637
1740 3120
185 1989
1184 3808
4520 339
3016 1875
482 4043
4940 3354
679 4116
2295 1756
807 3999
2923 840
718 398
728 1697
4572 4330
2092 2874
2598 292
114 2859
3699 3842
116 4194
4173 3769
512 2756
4895 1634
573 2942
247 4663
8 1374
318 2296
3136 1193
1903 2964
3131 3972
593 2081
2071 4767
1870 1249
440 4463
1876 2339
2424 3941
483 2807
808 288
4621 4816
4744 3778
2761 2556
4389 439
3610 344
1151 904
1472 1240
2238 1653
1768 373
184 2662
1030 347
1857 992
3601 1582
1707 2455
1216 4275
673 2452
1763 525
2975 2119
2863 1635
2809 4134
4009 4573
3048 2205
57 3485
2517 749
870 4295
3945 1553
2135 401
4220 1969
528 2978
3903 2848
4126 4759
2782 2148
3007 1933
3929 1138
2562 4514
1494 2991
1879 2253
328 3574
1692 2564
4643 4216
2891 2612
1234 1719
1640 3276
4995 2896
1055 2511
4609 1078
3814 4807
4778 1739
4164 374
769 400
4241 4057
2713 835
1011 2958
4246 829
621 3606
875 3985
779 4552
4122 1409
378 3573
1105 3472
4539 1001
1628 2655
4531 425
9 1622
596 10
620 2461
794 4854
70 1338
1610 2663
46 2529
1216 3087
711 4404
1484 1022
4088 4387
2382 3310
630 3349
3848 2476
3897 3729
2541 4001
3705 3372
314 4953
3539 2743
4369 4049
3305 849
2855 1148
472 2219
269 3485
1961 1717
2777 2682
4868 674
3723 1046
1446 2381
2133 59
3315 1064
757 3656
4764 396
2212 1843
2839 4407
2619 3883
838 3528
3162 2489
3019 2945
2284 3665
4394 4316
3364 1381
4186 4324
1263 1491
3533 2351
2343 1378
1787 3433
2971 1036
4977 3872
4446 1897
2615 4711
3971 3742
4636 1228
2652 1311
3174 2110
2636 1210
1052 1483
61 1385
1815 4028
3403 825
4012 4969
4210 2422
3904 69
1912 2993
3966 332
3854 227
1828 251
1700 3371
2417 3980
3664 3555
2636 1212
2673 3747
925 3116
1671 3751
2106 1379
841 1998
2378 921
3582 1294
1590 1070
2889 688
1868 3173
3879 2919
2103 4424
4591 785
3954 942
3375 2224
963 4515
791 4504
3827 3119
1208 2903
4361 4423
1725 4593
3245 2719
4734 560
4022 3560
1942 2548
105 4014
534 2843
3615 565
3545 3233
1983 1486
2990 3314
784 3280
682 1359
2755 4941
4715 1574
1364 1053
3881 282
2819 2500
1804 2526
2442 2902
1056 1436
4294 2168
1021 412
4087 3614
338 4820
170 1057
3916 3757
1161 2293
3125 2437
3582 4801
2470 2826
3924 4755
1152 1361
1865 2326
1043 2736
2474 3670
273 4525
2352 2976
3919 4279
985 1043
3761 1373
3215 668
2460 620
710 106
3844 544
3467 4055
3420 1872
3025 117
4705 553
4742 4381
4092 3274
2475 3714
3970 2094
3019 3182
762 1479
2180 1077
1908 444
3118 3897
3532 215
2199 1887
1985 1230
313 529
518 3621
2002 3660
4426 1420
2189 771
1783 1232
589 2614
1696 4340
3981 2549
1848 4208
953 26
3944 1967
4589 4960
3461 1260
4187 2385
676 4137
4656 3809
3716 4283
3647 2568
3155 99
4438 658
1233 4935
4774 1302
4402 753
2133 1437
4670 192
4117 1425
699 4005
4485 4857
704 2218
4003 125
3144 3010
1120 3391
4644 103
688 4959
3670 780
3780 4660
3830 209
321 3787
3989 4232
3337 4812
1465 554
4675 2231
3843 686
2504 2284
3592 4579
1639 1390
1456 1754
2956 4724
2557 331
3865 3447
3732 3996
4356 3950
1082 4932
4842 38
2195 4548
4338 370
4635 3862
556 3997
3113 3693
1444 4723
1715 2515
590 3490
2022 784
3489 2964
944 1541
3231 572
4764 1956
3738 1631
1146 3105
1702 926
4739 4946
1685 2570
4848 13
3275 2927
3635 3343
1300 145
1486 597
4264 4443
249 3944
3756 1259
1349 2300
2148 705
2899 3312
4392 2804
1421 1550
545 1082
1701 2352
1391 2721
2809 2870
1860 1665
4204 3859
1380 4648
4898 3127
2052 4704
4263 338
2864 4320
645 4633
3548 3532
1324 3166
2928 3425
4466 1979
2063 4933
2685 4722
2226 4871
4589 1320
4987 3819
2826 766
2586 1095
3530 2832
1988 2011
1512 4671
1951 3994
2546 3078
542 1372
1331 2425
1578 2710
1987 60
4242 3395
1889 3660
4827 741
2631 3070
4002 973
4449 1466
2683 767
1438 4768
4280 748
3014 3311
3838 1047
4201 279
4717 652
2235 1813
3713 4786
3906 590
1513 2494
1111 4504
578 3431
3009 238
2615 4784
3278 2958
2995 1191
2109 4156
3677 1284
2298 2884
2370 4462
600 3650
2265 1884
1399 2523
54 4513
1509 1839
4986 4737
1624 3509
2154 1170
3114 3506
3616 2786
4874 681
3112 697
2971 2753
2694 470
394 4170
3255 268
2401 299
2651 4150
2855 4847
4245 4759
76 2214
4228 4729
2895 2441
3306 1493
1358 1561
1392 2147
3139 4250
2892 916
677 3625
2090 2695
3640 1238
486 1825
1556 2459
1250 2948
472 2682
3559 3134
3171 4584
787 4207
2757 4826
144 1323
828 2896
1689 4682
1017 709
2944 4552
2172 4524
4489 3154
3296 2970
4966 3988
4629 2561
2142 496
1773 371
4647 3522
1431 3115
39 3758
1571 614
438 966
4154 1427
4400 3952
1615 2196
4014 2522
2234 186
4254 1182
3293 367
4428 79
253 1708
538 3157
3194 31
1409 4492
2154 884
4859 4924
566 1550
4751 1636
1110 714
3528 1482
4887 4288
814 1136
2914 2285
1745 4615
408 1366
3056 4961
3029 807
3149 3639
3369 3617
3153 4998
3917 1371
2689 235
1474 2480
4532 3137
596 2292
486 3598
3411 922
4813 4980
1027 164
1232 2391
1928 2927
1993 3225
4442 1900
4911 4683
3632 1659
832 820
4592 1671
4308 2937
2571 3477
3354 4560
2492 3859
890 2659
914 2871
2594 1611
4740 4493
3746 1867
1890 3782
3745 1439
1267 383
4932 4486
3351 3644
2192 4425
2921 3877
2534 3122
4464 4968
3074 1016
4725 1025
440 4545
2230 4311
2827 4025
611 4344
1030 1489
2287 1973
1666 1945
4951 2686
503 1640
687 1246
4426 2755
2091 2691
437 3011
24 2068
2603 3692
4881 4482
2601 3702
4353 4076
1231 2916
4337 353
380 335
2799 2727
776 4455
470 3089
2852 501
2024 4378
2801 4712
2915 1341
1929 4588
1148 3898
3156 2043
4851 419
522 2538
567 2950
2680 4953
3949 1778
321 2265
2121 4121
15 4719
3444 956
4411 3255
1372 4752
232 1093
4370 4123
4093 414
189 1721
3638 3427
4544 4490
788 3347
1609 4618
2563 4701
3324 2399
1287 3328
3747 3405
902 873
4717 1713
3448 3378
4295 3355
1241 2762
1656 4182
4623 4043
1907 653
1253 302
1981 1908
3989 4472
831 3005
4473 1651
2152 589
1136 2234
3945 1842
3490 3672
4074 3181
4364 2117
188 4404
4231 4775
965 690
3100 478
4089 569
2283 1410
2268 3767
2672 3102
4956 1567
101 3352
4639 2105
3523 3148
1440 2558
2766 1515
4340 1599
340 3404
1376 2340
2188 3178
3509 1493
2466 2819
261 2167
1143 1927
1831 4111
1173 1704
949 4139
902 1183
2697 3911
2628 3175
4732 1227
3463 2435
1355 4385
2241 2062
1880 4368
3815 2289
4044 1104
3955 4159
1081 1452
1990 998
3549 4530
809 4457
4300 3026
1202 912
3806 2428
1886 1276
1288 4175
3702 1803
3493 989
3231 4939
4612 4180
3857 4825
4739 2574
521 4967
684 287
1042 745
1900 1647
4587 1984
264 2204
3253 1925
4990 2749
510 4897
1402 4720
3665 4852
2869 909
140 1258
4065 4553
1345 3990
3034 1039
3013 399
2454 870
2859 2161
3180 114
4234 3942
2010 1454
1797 182
1168 1743
3097 4989
2250 3930
1641 1824
3014 4423
1853 3554
3021 2034
4963 1505
4205 209
530 2619
2847 4667
780 2008
4855 4027
1369 4164
3596 517
1725 2327
3388 3846
4033 608
804 1823
1970 2280
3929 262
5 1215
1353 735
4811 683
4097 2778
190 3417
3776 4085
4741 2759
3754 77
1925 4620
1964 1367
2332 4112
2446 566
1686 3353
826 4697
3330 351
4755 698
2709 2050
165 2299
4900 441
1979 2218
138 481
3564 621
1849 4436
4046 3786
3520 3931
4109 3443
2271 1113
4390 1047
1476 3731
4358 2004
2210 4522
3692 1743
1279 817
3457 18
92 3085
1871 2839
4435 193
623 2223
977 3106
1510 4746
33 2510
959 3687
1618 1942
2403 2620
1901 2320
4716 1557
2405 3983
3553 2904
1274 89
3228 937
1698 4912
3258 3270
670 1738
1672 3851
2085 2507
4309 2207
2080 4331
2530 10
4252 2375
1020 4712
764 4970
3899 3243
3487 1072
4516 4538
167 3824
435 500
3590 1498
3025 1930
1969 148
4902 3649
712 2788
1723 2462
1406 4657
4751 2448
3342 1973
2130 330
613 4073
3635 2307
4493 1083
1111 3991
4571 62
2201 4289
2890 381
3728 1184
546 4240
1157 646
4204 214
4562 3563
560 2086
3781 3050
2499 3788
3113 774
1540 111
3445 2156
4479 911
4035 4703
1902 1487
639 979
4837 87
426 290
2658 2038
659 3982
4184 4341
85 3636
3448 543
106 349
2487 1157
4245 2227
1073 3301
506 1197
2230 4083
4060 2510
3851 2618
3394 3098
3285 3048
2137 722
4152 3062
212 1517
4434 2825
3616 206
1024 2214
3034 1632
3284 453
669 431
183 2939
3719 488
2903 2339
296 2056
2341 221
3832 3875
4926 4469
4979 3667
4104 2036
1478 2426
3002 4672
3153 2226
932 3836
2765 3225
783 1829
136 202
4297 4999
1842 2000
4596 2635
4873 1999
604 3456
3592 2898
2387 433
1875 3482
882 4652
2334 4688
628 2259
4313 4442
27 1750
141 1247
2671 2213
812 3022
4469 3097
405 4107
210 2250
3992 77
459 1771
1217 957
4062 3316
2098 3986
1160 607
3416 1286
3000 2025
88 2288
2702 2640
1749 2222
1927 3303
4024 3047
3317 1068
580 3197
765 1585
3135 2746
1122 1936
326 361
4313 2513
978 378
4908 4574
127 2287
4649 4383
109 256
4093 1835
4140 4622
1401 1439
3379 2386
434 2391
548 4930
4716 2775
4059 639
4914 2013
523 3177
629 3645
3427 3654
1194 399
1091 4162
2011 2067
2449 3159
1112 1972
155 4314
2309 1280
3604 1613
850 4878
2900 1012
3697 3147
4697 3369
651 927
1917 465
4143 3095
1892 2583
2286 1658
3434 4467
2919 1002
4420 4153
2301 213
906 2650
3825 980
1625 2729
4819 3483
1268 4484
4360 2860
1447 3876
3909 3449
441 4027
2089 3623
1655 735
4331 224
3032 2316
4880 2117
4372 423
1167 3410
2200 896
2396 3319
4602 4304
4422 4763
1605 3191
2071 673
1697 4330
3383 1746
2670 2834
4021 2661
3960 3499
2440 1776
1346 100
1168 271
792 1497
4439 3154
3174 3387
4 2224
4434 2668
1467 4418
2312 4017
2326 898
406 2264
4653 4412
4333 301
2977 4631
179 4890
1253 3688
2723 3789
4514 2120
3312 629
778 2356
4249 1834
2392 3454
3718 4133
4972 2931
2730 98
2131 4274
3852 3770
4151 3903
4278 3191
4000 3077
1029 1370
1006 2431
632 4544
3023 2672
3768 406
2528 3867
4530 4484
2875 2369
1330 1841
2171 2289
1236 4084
2390 1370
3305 2336
305 3822
1891 304
2825 137
4604 1319
2951 1371
3587 1027
4181 1919
4147 4587
4381 3446
3247 169
3357 1041
2054 1407
858 4858
3943 3901
3212 1573
1147 985
2242 2634
944 167
2811 4079
1784 2572
2747 971
643 3208
2887 2532
2772 4171
4517 2044
2912 2968
824 2546
3546 288
3412 3268
1954 4808
4663 1898
3811 4064
2987 3341
2620 2872
1994 2124
3436 2436
2406 4078
1583 3977
4174 3930
2434 2590
3185 1057
3373 2403
1240 1612
4987 3640
4302 1254
2181 3031
3456 4823
800 2353
171 2521
932 3620
2902 4570
3236 2267
660 3688
1685 3320
1428 356
3016 3866
4354 740
494 1328
854 4637
4438 195
2738 4487
2969 2561
4361 4000
1180 3857
3324 3786
449 355
2585 350
1687 3439
1514 754
3753 377
2190 3652
3894 4376
3622 96
666 2847
963 4166
4219 970
2906 1816
254 4267
907 4708
4006 3117
3694 4480
1721 2816
2627 1033
3588 2497
4417 3101
1959 2439
1810 2171
2630 1384
2175 240
817 4651
2877 2537
3893 2549
1137 982
570 1611
2076 3597
226 4314
1941 4767
1525 4419
1572 1321
3128 557
3566 3958
1405 926
266 2376
4585 4958
2742 617
153 924
2686 4666
762 360
3961 4638
476 471
1014 3128
3432 2901
4261 4691
4851 1348
2003 2040
1277 900
2835 1664
178 3356
1394 323
4217 778
3138 904
394 3327
2712 3494
3552 1074
4793 4221
3583 1426
2399 1382
830 254
696 2446
2380 3367
4375 1194
2898 4656
1335 521
4534 637
3039 2637
3494 1992
3105 4185
1199 4745
706 4910
1482 2721
4521 4410
2852 451
983 2557
2979 44
2641 4071
2244 2588
4256 1793
3492 1200
449 1692
4765 1201
3318 4586
491 142
2910 4722
4011 967
1808 3674
3926 1213
4026 3685
582 3473
2793 2751
3795 2281
2505 128
580 1688
2081 1183
2249 1519
1033 1221
4069 2660
4641 73
3534 4069
4287 2144
928 3423
2313 4385
1966 2086
3091 4408
671 641
1668 4996
348 1481
2160 4394
2088 143
3183 3079
4329 25
1287 98
3250 4667
4336 4275
334 4010
2849 4841
1392 4462
46 1038
579 4004
4709 2673
3260 1568
830 1338
2741 3927
2355 2396
2335 4896
2351 1387
2256 1851
4849 1673
4730 1783
1931 120
887 1042
264 2106
3902 4693
4253 782
790 4298
1419 159
1646 3061
720 713
1421 4604
270 1065
3694 3709
1355 665
996 4884
1962 3907
1052 3706
4633 4307
989 4757
2063 1425
4396 4757
837 1971
4785 3543
2534 899
1736 2073
1364 3710
1427 1357
2053 2750
1257 3741
2729 3052
3612 2645
747 2508
4949 1156
1926 3628
4450 3110
2897 2666
4284 3605
575 1373
2321 4015
3636 96
3208 761
3620 2208
2610 2493
3873 1150
426 1788
2596 547
1879 3967
4850 1505
3714 1101
2302 3501
382 3124
4597 4729
3510 2431
2544 3717
3281 3720
1441 1231
2737 1957
4543 3591
929 4056
4616 4809
117 1462
4577 936
3366 3843
3360 3535
4478 1534
4983 3248
200 1710
1756 1527
339 1388
1896 4360
3463 1790
4305 4068
1399 2290
2854 1084
2531 2325
3390 2456
118 3341
3240 2887
2104 3755
3778 1419
3538 602
1681 3399
1459 1386
4810 3476
242 2941
3547 1473
2438 4673
4070 2542
1800 1662
3469 4207
1836 246
1265 1844
2550 2447
2539 1086
2725 2394
163 1236
914 860
1967 4241
2965 2901
2881 4188
3759 3752
1209 3964
1847 3110
965 1428
1980 278
2613 799
4760 4152
2963 3721
1623 1301
2720 981
2388 1686
4355 4817
4183 2404
4836 2275
3992 3142
946 2780
1228 1852
4398 3813
3844 1723
1422 4550
2857 1937
2837 3536
1818 3143
2954 1092
2488 4871
2593 3601
2910 3165
2329 2343
3157 503
2995 3101
1752 2774
2157 1706
584 4527
3924 887
6 2387
2150 93
1142 1413
2452 17
4864 2442
2792 3229
2021 1468
4387 3657
4853 1383
2525 2654
4925 4425
3288 1458
461 123
296 3896
4080 751
4738 1751
2637 4579
4632 4828
612 3792
1149 3997
641 3327
1410 3207
2744 2540
1379 2400
581 3022
3161 4343
4567 4319
1289 1225
1920 2745
4989 3429
3396 1066
541 4622
995 3707
3496 3617
3405 4650
360 4831
4563 4650
749 1946
4955 2007
2649 4351
4563 3001
1141 3812
3242 3266
3112 2310
4169 2617
4833 1545
4448 4265
1618 1903
385 4832
672 4896
3797 2267
1496 2384
1536 4094
934 1785
4818 3936
1181 1733
2188 1071
11 2929
4447 1560
2372 2891
2807 3760
1832 4792
4155 4339
1854 4583
2141 1509
3921 3715
3496 2176
3699 4342
2070 3479
1416 2781
4072 386
55 644
3729 1460
4066 578
111 2794
4499 194
2166 1160
1097 427
886 2655
104 1617
2331 2576
1028 737
3222 2960
2385 3183
626 4032
2408 1877
4593 2456
75 1177
4406 64
3816 4836
4777 1769
246 3300
3885 456
2866 4159
2389 2885
595 4907
3839 2893
1938 577
4921 152
1224 2402
4083 307
4058 988
4431 637
3894 4016
1220 2752
2488 4464
257 3402
694 3210
3893 920
2664 4009
742 3038
3886 1188
2608 4091
2317 568
3215 3614
2373 1502
2206 2806
1499 2375
662 2179
2520 3107
3589 1218
21 4393
199 3033
1742 1181
1187 2627
2665 4323
4922 1218
1437 1412
3167 4133
3846 2319
1850 2420
387 894
4779 341
1587 3111
4388 4435
112 656
2728 3669
3420 59
891 3820
2595 4994
4879 1719
1817 87
897 877
4090 692
2415 1733
2394 1251
2760 1859
547 4350
4424 2829
2988 233
3125 2814
1670 1225
2605 4520
4202 4911
2037 3667
2382 4019
2516 1708
869 2629
3246 4142
3575 2095
3313 4209
2273 1781
2539 1229
1883 4999
2163 4220
3962 4189
606 2411
1914 3630
1953 3750
3057 4728
1365 2850
3389 4459
2438 4111
571 4040
1009 4035
4803 3484
1005 4126
1899 4974
708 4125
4052 2551
4862 3094
1456 2503
1629 3847
3821 4258
1342 2112
2520 4714
1039 3012
3119 4031
355 1034
4384 4726
3745 4443
669 1659
249 366
4344 1394
3426 923
2491 1615
89 2677
4233 3290
4184 4402
2977 642
1769 2136
1947 2771
3193 3238
3199 1968
4365 4055
2146 1076
766 2292
2795 3577
2314 2547
1885 3768
3340 205
541 1255
727 3900
3224 4293
715 286
389 1312
3576 1660
511 4782
4487 4957
1430 1996
4332 1788
2323 1714
3029 1534
872 2569
139 1102
369 2791
1274 2993
3441 4864
3141 546
504 1237
1408 4531
4180 3057
919 4549
1500 1730
2112 4145
1118 53
801 4249
1153 1776
994 1760
3249 1404
3214 3757
4371 4969
3152 3407
553 3938
1207 4116
3390 3468
2079 4030
3892 3547
4030 1075
3261 3446
3597 3480
2987 2453
4447 407
3214 168
4549 4212
198 4209
4222 2458
1622 4264
3723 2641
928 3889
412 3001
61 1175
2482 151
55 3466
4338 4715
1869 3599
4048 432
4414 1407
889 2324
1432 832
364 2040
3409 4511
1114 19
2595 2049
4951 1827
1146 2221
2077 2264
408 3212
4750 1395
2445 3064
1096 1859
4641 2251
834 4696
3888 557
2749 2648
3964 1832
2068 4603
7 4731
940 2967
2934 792
3606 3568
3884 101
1385 480
4903 3232
3921 3758
634 4408
1258 466
573 3131
4963 2
2176 510
4024 3646
619 3176
721 1602
910 742
2913 4108
922 1396
845 4318
3801 357
1795 3922
4127 1045
1463 3484
1922 4508
4625 1433
2581 2681
4734 2953
4293 220
3838 41
2332 3565
2032 4850
1662 2758
4286 1445
2700 3171
467 2282
236 4613
2257 3220
1035 4651
2797 3444
3700 1163
1566 1614
2877 2547
2734 2866
3006 2392
4829 1189
4714 304
1758 3653
4143 281
3398 1222
2502 303
4831 730
4662 6
1420 1016
952 3795
4863 1543
2880 2187
3009 1863
1161 1839
138 758
3454 3111
1755 2820
4217 2322
3188 4743
602 905
3387 4781
91 3593
4736 2533
238 169
4538 2616
3805 1913
1058 1948
3908 2502
3998 1752
816 4630
702 1502
3507 4382
2225 2165
4668 759
3546 1923
2460 3703
4165 4015
4878 1188
3358 4502
4692 2694
2147 343
2938 513
1195 4053
2449 3017
1398 951
1278 359
4991 1137
2603 2988
3474 229
1293 4456
2043 4694
3571 2529
4746 2795
1380 4560
1975 2957
3020 4855
421 1821
2708 2174
1774 585
598 4358
120 76
1805 743
733 4228
1831 1965
1858 1503
3877 2674
3754 4763
2303 4833
3149 4564
1726 3847
2151 2979
1214 903
601 2102
2164 4397
4192 4471
2034 2236
118 3151
4363 3401
443 1460
2845 4753
550 2490
4689 1837
4191 3451
2157 2019
42 4762
1814 3170
4541 1464
2740 2870
3839 3806
1984 4230
3719 3552
3771 2810
4049 4301
4157 2181
1528 3959
3804 4679
1819 3481
3875 419
4601 2651
3475 4843
3581 4243
2653 3464
63 2215
2930 533
2175 3739
2683 2796
1549 2612
891 2512
3065 361
3139 1553
633 3824
439 2959
1682 593
2953 2963
1829 4079
1598 1290
1204 192
3872 1826
1753 1580
396 921
2474 4931
4327 330
3623 3891
1017 4960
3939 4405
1593 4354
2645 2999
2179 1010
857 1457
3428 219
1346 739
658 2909
2840 1538
1548 4893
2794 2550
2700 4865
609 1772
183 1019
4458 1867
1352 274
1011 4966
4809 1552
2617 4339
453 3766
2318 2899
1855 961
2248 4711
787 4750
4197 4467
1529 165
1203 788
3751 4047
3871 317
2783 179
2324 1828
3498 4013
3134 2833
4229 2193
347 4819
2748 3150
1499 3887
2150 1034
3291 1735
3329 4120
3258 2540
452 689
1197 709
3460 1266
4509 63
1770 3333
3471 2155
155 1709
78 2853
634 2718
4268 544
3604 3367
2039 2435
1731 2630
1569 4976
4172 726
3281 1945
4619 2370
935 1066
1518 731
203 3126
981 3865
3031 4312
172 1599
4921 2981
2527 4645
1860 1948
1155 4430
1990 3398
1873 540
2178 4787
2803 3142
4110 1594
2232 4034
655 67
2255 3338
3728 2445
919 3882
975 2120
1498 4574
3516 3234
2984 1307
267 4146
3925 4071
134 4341
3855 4379
4334 433
237 1166
4223 4591
705 4646
2486 424
3434 4783
4899 1902
3585 4465
122 1485
156 1512
1790 2443
4802 1890
1237 1387
490 4332
3740 950
535 3133
299 3275
1408 4037
37 4627
4523 2162
3430 4564
4377 2143
2908 4087
3800 2580
3840 4608
3122 306
1961 4542
1634 4235
809 4804
848 4891
2245 2311
2065 2411
2469 2541
41 4132
4638 772
3867 2843
3209 3808
3120 1539
4536 2005
3195 2679
1106 2690
4698 1558
2699 3300
1759 718
1545 1244
670 4256
4458 492
3512 986
2058 1604
3185 4183
3145 4844
327 3502
802 1754
1331 3556
1068 1488
493 827
1607 1144
880 1513
3970 732
420 4787
4781 587
1319 1531
647 3362
4178 4568
2494 2587
862 3939
1650 2647
4290 2295
1654 3928
3075 107
3812 4720
13 371
2771 2319
4190 4992
4112 219
4139 3172
3673 3266
3856 1358
4512 3589
94 3189
2554 4996
964 395
1478 3959
4597 4559
2022 1417
4076 642
1303 2075
1154 3220
1153 4498
4528 540
50 1680
2589 2367
2525 1772
2708 1013
703 2779
854 4997
3325 1761
3028 161
4943 4195
4459 3942
3881 565
3432 2349
3686 3087
1705 3774
91 3322
4098 2116
1949 2252
1616 2717
4730 3785
4494 367
3437 1806
4675 4226
4281 942
4672 494
2621 149
421 3513
3196 4964
2716 1588
4136 1063
719 2934
1311 2344
1087 115
4568 2259
3365 1811
3736 411
3568 4130
4551 1658
3203 3457
3284 2057
3870 1171
724 124
4993 3419
2806 4867
3059 1784
3291 2790
1833 569
1140 3558
4677 1261
2573 2501
1468 4038
2454 4317
4547 4658
4090 4400
856 3676
1766 4081
693 538
186 4590
2584 3826
990 3410
4710 204
3685 3226
514 3947
1955 3179
3474 4533
3916 2159
622 4490
1398 3320
3731 759
2155 3500
3200 3981
819 3253
4399 508
2164 1269
4788 2817
2220 2330
4708 3886
3915 1132
3796 701
2093 2241
3037 1644
2916 2827
4972 3140
4483 1589
1365 1158
1174 1905
907 2082
3594 2079
144 966
3715 1575
1276 4177
3313 3140
1443 1946
915 4211
899 4885
4176 3869
610 4063
3356 1058
2368 1051
2374 983
1565 308
4892 1706
3504 4548
3407 993
1619 3536
599 1657
3878 4513
1974 3177
2027 674
1864 495
3633 3599
3969 844
941 4316
4737 2047
2844 4105
833 3084
4527 3028
3036 1404
1100 1127
4465 3516
446 1309
4163 1511
3642 4347
1632 2654
3630 502
4492 3
3219 4103
2135 4904
4237 512
2560 3066
2787 4041
43 2881
4208 4102
1607 667
2213 4246
4273 4050
3790 1855
2575 2791
4780 3986
4611 2364
883 1242
3479 4149
2137 230
943 574
4431 4042
2260 2393
3475 4144
3452 875
2028 2643
3190 1921
4795 2831
4272 4025
2875 2515
4761 2097
3015 136
1563 4348
4657 4626
2558 1986
3146 1164
2833 1335
2014 4401
588 4421
197 1594
3077 2985
4555 821
3675 4355
4942 941
4902 2696
853 4113
2508 508
2347 775
2114 746
3060 1295
2565 3261
2055 3848
2924 1957
2183 2759
1916 2872
2607 2422
105 2475
26 520
4971 66
2049 4392
2952 874
1718 476
1981 391
2122 4451
1934 4318
3518 758
4535 2129
3123 2069
3379 1581
83 933
1154 3438
3612 3459
1241 1219
2027 4790
4740 1893
450 552
2926 2748
3188 3588
1079 4695
3348 2594
273 910
3298 4965
1578 2042
3562 2701
4786 1130
3092 3130
4648 4941
1357 1552
2211 3106
1639 3727
931 3884
2038 49
1666 4301
4039 2664
711 2647
2760 3391
446 1716
201 4849
1865 2579
404 1989
993 1631
3678 3863
2585 208
1424 4473
4554 1939
549 3024
3380 1145
853 424
3091 1727
2067 2299
3905 666
627 4460
392 3352
203 2961
2444 3004
1323 3953
216 4845
774 1
2160 1952
2080 3082
3558 1359
4727 4364
3080 4134
2088 1808
1440 3810
4366 2613
748 3330
2610 1050
865 661
4825 3043
4018 2670
925 4603
3039 4876
2925 2360
876 1199
3151 3646
3332 3785
109 1242
563 1547
3895 1543
168 4772
793 3607
1414 4917
2800 1939
4437 1799
3831 3164
2039 2991
44 2004
4312 2248
4923 2533
3994 675
1291 796
2640 2514
2656 32
1652 2892
2548 4489
1862 4872
1115 2366
146 2184
3361 488
493 32
3629 3569
3796 2373
2309 4803
196 638
3913 1864
2410 3691
1792 3937
4788 1208
2501 1424
2466 2737
1635 415
695 2986
1559 465
2145 4608
282 834
1229 4534
3036 2894
1333 232
4104 4877
3018 1656
2257 3712
1674 916
4873 2325
1950 4048
4496 2477
2496 3915
3145 1094
3876 1958
795 633
4433 3328
2731 1396
704 455
135 1308
3400 2031
2591 3468
2293 2377
3710 1169
4718 4789
2681 4748
4109 4934
3974 878
4310 1
3495 2094
3375 962
3085 4719
3963 3858
871 4448
2716 4914
3424 231
2710 3802
1401 1978
3681 1489
948 4955
950 4010
1045 3737
2061 3340
3572 2311
601 51
1443 655
945 3950
4415 700
2983 2975
4925 4815
152 1064
2509 3055
607 2756
3775 4775
4100 4822
1442 1612
3458 1381
2225 1040
4964 1023
734 4607
3086 4815
4827 1106
4153 3544
1521 1220
738 3160
2481 4526
1923 4460
847 65
1293 3289
102 1774
2345 266
145 2186
2266 1843
438 3937
4349 1340
1096 3437
3395 3698
1085 4067
2441 2432
129 4051
4142 3625
1636 782
717 4713
3854 3618
1490 4224
1642 2321
755 3579
1252 275
1546 2552
3901 1162
3602 4439
971 309
3690 2395
1589 4382
1411 2844
176 3362
4673 4326
3430 3855
4870 1524
4881 2754
24 3931
3982 1350
1477 1704
1422 1759
4084 1418
235 4516
1844 1095
4203 1179
3465 173
3098 2840
4995 4920
606 802
2114 3412
3386 750
1375 4535
3892 404
2020 1613
3339 1449
2646 707
1227 4569
2406 2247
2598 2545
2559 1206
3632 1932
3334 2970
1330 4643
752 2029
2989 523
2196 4232
4433 800
3858 62
1740 1435
888 2621
1123 4192
4690 1367
4258 4120
3198 2893
4066 820
4634 1537
1562 1173
558 3542
3007 4127
3671 130
457 2790
1026 4784
1239 3416
1465 462
2996 4733
4260 464
2100 4576
2606 2876
1518 1109
3273 931
1497 2862
3861 729
363 2061
4463 3413
1506 3415
2593 2000
1390 1300
4144 1592
2937 2769
3056 3027
4706 524
1789 4031
297 1423
3797 3011
537 375
2689 1883
3773 2173
29 3705
4114 599
3230 3497
311 2037
1771 3103
467 65
1822 3885
2665 3488
4779 4115
2783 991
2048 3920
929 1007
4947 3914
342 2596
4420 2815
2905 1627
4937 1165
1602 1654
4948 1098
4678 4160
443 3909
1122 1897
1451 1147
756 4172
1794 1040
4907 1090
4588 1830
949 1003
3204 3587
3086 4857
4376 3525
793 1822
2490 2134
4700 671
48 3239
522 3562
4886 4278
4978 3089
4726 413
3217 2551
4724 3478
2524 1222
4270 1310
3076 3537
1677 2416
4885 3682
2404 4277
1317 4216
616 657
930 509
3663 2928
3770 3584
4683 2805
648 2493
1140 4979
1322 856
377 1065
1317 1810
2139 767
80 3963
3661 3092
3899 1210
591 4277
174 3828
4756 2005
2506 2868
3321 2235
3467 2576
2041 3765
2715 3933
4416 3342
1211 3726
2981 3076
3197 243
4642 1956
2846 3502
4839 1353
1777 495
3109 1638
4061 908
1866 490
2149 2199
389 3605
664 1779
1542 515
2767 3182
1475 798
4919 1129
2409 92
3627 3470
4077 4023
1031 2611
482 3918
4721 3522
3359 2417
2944 1511
4949 2280
268 2215
1192 4606
1728 900
881 4205
3195 289
555 3966
2108 3910
1894 4380
4595 3586
231 3818
1556 2153
764 2574
333 962
497 1430
3627 972
3414 2518
1072 259
2314 4319
3643 3102
4036 3250
1302 2973
4677 1249
4170 3040
4317 1586
2633 4962
4736 4118
1100 730
1735 1775
2416 4770
322 3634
1098 4326
1190 2555
1316 397
380 11
4115 4915
3299 4529
3160 358
3580 1678
2270 4262
1301 1566
2992 696
3541 2808
225 678
3938 2001
4933 568
702 1008
3242 2777
586 3409
3421 724
1785 3264
3158 2070
4503 1841
2166 4437
3965 878
3787 4891
1536 628
4913 2814
806 1874
379 4128
4868 3353
2936 2741
4728 1462
995 2113
2281 3279
3863 2283
516 845
4585 1403
1093 570
1470 4369
402 2933
260 2270
4265 812
1695 2597
2800 4521
3813 3462
725 592
4309 4975
484 588
4050 425
1507 177
2895 1779
1480 3061
4373 2304
2923 504
4760 867
647 3192
4569 3051
3980 2346
158 2528
429 1060
988 358
823 4299
739 2410
2907 706
1965 337
2597 1377
420 382
2427 2203
1343 737
863 4427
1028 1389
2656 2186
3109 180
154 4814
364 218
1519 3123
2730 480
918 4547
2118 4929
4623 3821
2653 2233
1107 1032
3372 1247
4362 4325
4558 2414
3508 1987
964 4634
2026 520
3932 1847
4259 3156
4852 4828
2628 4824
184 2279
3041 4231
1277 3608
2358 2544
2940 1464
2625 4359
4782 1679
200 1020
2018 2437
2359 2813
4146 51
4749 2947
2722 2096
1625 4187
119 4565
216 1343
2229 2704
31 79
3498 1263
97 4829
1361 2484
4981 1985
4310 2262
1211 2413
3637 2911
4519 187
333 1230
4762 603
4056 3985
2110 4266
4 1849
4924 4383
4917 2969
810 2407
4212 337
2220 1340
1891 3167
3201 4970
496 3239
2948 1570
4147 4479
2448 2973
2356 3364
4887 2943
3477 1067
3807 2974
4877 3073
1997 3756
3634 4505
3323 4412
2477 3069
497 4769
1830 372
1801 3053
3240 2938
2851 135
2913 2064
3297 1544
2172 166
513 3707
4371 1664
3371 252
1485 2997
4882 2019
2405 1080
3661 390
4397 2572
1414 1248
823 1554
1995 4350
3837 3243
2818 1429
3511 4001
1356 233
1453 3241
1059 1977
1128 752
190 3424
1726 1469
2458 1309
622 3276
903 1682
2365 2740
4157 2355
1882 4556
401 3521
2917 3308
1526 262
2194 2592
300 768
3631 736
1013 4138
4287 3791
1356 473
2141 4421
2880 4986
2531 501
852 1974
298 265
43 3222
4879 1018
3232 157
2369 354
460 1442
1449 4822
3571 3984
4007 3470
3736 3953
4298 3435
3737 2216
3817 131
3873 1351
558 2830
3150 4196
2467 3975
1362 3520
4373 329
463 2868
3643 74
3913 2357
1306 3383
1378 3783
14 4454
4292 3805
4684 158
3708 4799
302 3583
3914 2746
927 4351
785 2834
110 4304
2092 2098
1212 214
1551 536
2692 1953
84 816
852 4474
3763 403
3192 4215
3099 2519
38 2697
1691 3262
2290 45
3686 1469
2185 4461
3890 477
2128 3206
1483 1079
1645 873
4191 3397
463 4375
1885 827
4320 3107
4154 1523
1846 1267
3401 1116
4417 1709
492 193
2622 4869
2016 4177
2856 1174
1508 2994
1863 532
3784 2142
3739 2060
1791 3143
2388 3344
2765 3184
940 1681
1951 1886
2575 12
3184 3333
260 3609
4814 310
3862 3478
813 3294
4870 1911
2646 1564
2535 4390
979 611
2577 4946
3385 2982
2139 2447
936 102
349 1325
2932 4409
1700 2784
4908 2189
4806 542
2041 4988
4693 1329
3350 844
1757 1508
1031 3762
808 1821
3804 4554
4918 4909
107 2014
3956 901
3178 2338
2217 2451
3384 1102
4626 1576
3829 2254
1851 4846
2616 2994
489 3436
1787 549
3557 738
1176 4336
3676 999
2607 3923
4244 1445
1815 4635
2205 207
4867 1172
3780 799
4247 1418
664 3701
4866 2786
1807 2472
1585 795
1933 3207
551 4294
3190 4607
3789 3555
1940 3368
3338 3108
2277 1605
2065 362
2223 2614
4893 1244
1056 4698
3447 2569
365 2873
1303 3526
1500 2832
2444 3962
3068 1947
3267 2131
2130 1557
4391 4263
968 3374
2122 3264
1608 2699
977 81
17 4078
4938 3935
1646 4962
4094 1517
1558 4213
886 4162
4395 2801
2854 1515
2100 507
1395 475
4410 947
409 3534
3594 4396
1643 3257
1282 1402
881 2530
28 3611
3161 392
1980 3525
562 763
1679 4413
4629 1814
4124 4296
4333 3677
1191 2962
947 4934
1055 3580
1976 909
3629 2383
2398 3093
4894 3244
2119 3314
2030 917
825 3551
2864 2132
1151 2006
4575 160
2470 322
2952 1628
2590 3282
4668 2500
3218 506
4428 289
1963 72
1955 3934
3927 4065
3628 1663
1377 1152
2239 1195
290 2770
760 1192
4480 3973
2623 2696
4990 4927
3259 1796
756 1520
4699 3245
3357 1149
2909 3744
4915 4721
345 4495
1053 3505
2274 2077
2310 3064
3529 2334
1129 1265
2028 960
4149 524
3137 4958
3514 2678
2243 1802
3492 2276
4007 1665
2033 2920
775 2032
531 1127
3296 16
1565 635
649 2553
1563 2072
2451 1619
1684 4202
4662 3978
3201 2364
4884 2634
3027 1994
312 2066
1448 3265
4599 3090
3549 253
1809 1005
252 319
974 687
1845 21
1318 849
951 1910
4045 2850
2045 2272
1324 3482
1185 4125
4706 1021
986 514
1714 2272
1312 3227
4389 1219
561 4367
1172 2863
328 2999
4374 803
3841 3544
2379 751
4440 1672
930 974
90 3377
3425 2949
2704 934
3708 4091
2345 3163
207 60
3440 436
1882 1035
2208 3179
2661 1854
2180 3652
4919 2644
40 417
2624 4391
4322 4977
969 3228
2724 2315
2845 277
3202 4654
3889 4770
1795 162
3189 4601
56 350
4752 4928
3058 3783
4282 3584
372 1637
445 2204
4630 1132
2867 4445
4948 4290
3755 2222
1575 4302
3526 4063
935 2624
1393 2658
2419 1292
2279 1820
3618 4441
3393 4582
2481 3540
1982 4505
2941 1576
627 2543
3176 2611
2398 3777
3209 1747
174 353
2625 2251
187 3833
4666 1405
667 4399
2793 806
587 2159
20 1960
4168 1853
3682 4218
3257 2799
3298 3563
2126 3595
2432 3256
4034 1732
3162 839
1138 4239
48 1850
675 1297
1167 1699
1444 3602
879 327
468 585
2407 2722
4533 3976
4057 1884
3094 3070
859 2469
567 4910
2467 1778
2886 1256
3311 976
2751 3902
2706 4844
1091 3948
829 2692
3917 4974
2380 3388
4978 4494
3954 4704
1775 1313
2074 3578
1935 1586
4835 2239
4895 1711
1344 3898
370 4491
132 2752
1838 700
4452 1858
1966 142
511 469
842 4130
2156 3943
2330 1351
4167 1579
3615 2167
1131 773
4103 2357
3949 3491
1448 2210
2890 4303
3319 4578
4581 2363
1964 1049
1950 1134
3361 4627
3238 2132
385 1363
1684 4680
3593 2107
1431 848
3350 1677
376 4903
285 4158
1326 351
768 1003
139 3607
4328 638
2294 215
2626 4584
4742 2498
4525 1010
3205 1642
1614 4685
4303 2775
4980 4789
147 3799
2057 598
4198 191
2764 1006
457 4536
3368 1889
1484 435
374 1254
4296 4580
1699 1881
4772 2389
3370 283
1621 393
2001 2123
1070 334
3679 3165
703 3442
2087 4777
3363 4476
4352 2507
4223 1054
4052 4577
836 4315
3683 343
661 2711
4346 1094
3295 4429
1131 1204
1820 4888
1488 293
4529 865
1391 1722
1044 3196
3825 2145
274 693
2024 4848
4567 4869
256 1798
4682 2075
4244 2051
4992 3957
3317 104
2015 4058
245 4456
2336 1791
1798 625
4639 1547
388 3553
1135 1877
1451 2487
1862 4478
80 27
2113 1597
4768 4131
3771 1932
4236 746
2317 1799
3287 3035
1899 4198
4095 519
4685 3051
3121 2519
2555 2815
2813 1275
2099 320
3896 4610
4546 279
4813 1257
4555 3591
2169 1813
1307 2583
3834 1827
3147 2914
4947 2974
3307 1729
1909 1026
2177 1125
4843 1572
3495 3967
479 2115
4155 208
519 3537
1435 3088
912 4614
3455 4975
1296 4059
4173 2858
2344 116
4345 1647
4628 4488
2931 456
2798 4038
1299 4273
3421 1982
3181 4543
3749 4687
1119 1350
2354 1328
2571 3318
3365 1541
1786 1824
2567 1533
3072 2905
1234 4824
583 1304
879 2483
1521 4967
3984 7
3035 4780
3083 1770
37 170
3721 3299
2421 4236
781 2262
86 2402
3278 3000
1717 4988
2588 2378
4248 2232
4281 1593
474 2879
3790 1299
1213 3141
3267 2666
3779 1481
4167 811
3272 3302
615 4984
344 1123
1936 3271
4357 3883
3752 4122
132 285
1668 3784
610 2046
4875 2459
2972 94
1649 1567
4257 1285
2869 657
3764 2536
1894 405
796 2714
54 581
4566 1633
4483 1384
2044 4082
3566 4660
525 3283
1292 2455
1166 2030
889 459
3418 2758
4199 603
990 2559
4023 3744
131 3374
3711 4954
678 3237
3335 1087
2096 267
1256 3590
3869 1186
3935 4524
1971 4938
2718 2322
4817 2735
4070 4602
1477 818
3527 4054
314 3678
623 4440
4676 2599
1433 2589
4920 846
3999 227
862 4654
284 4578
1295 1492
1374 4707
4771 376
4092 2954
4176 1411
2739 609
3513 4466
1320 4449
4068 4791
2753 3613
715 1595
3187 3840
4051 3517
3958 3211
2885 4537
3023 640
1207 3828
4557 4286
3422 2562
923 2268
3394 3017
740 2797
3603 2695
3259 4088
723 3256
3013 805
1296 479
728 2347
1895 1712
3187 4284
1501 4377
1653 2360
3792 2227
2780 1728
3798 3505
1995 1920
592 108
2822 555
4240 1496
868 1601
1564 4816
1915 1049
4161 761
4119 4288
531 323
3819 953
3570 4075
3575 1560
1271 2888
4054 1595
3891 4821
3289 4497
1657 57
3673 8
3600 3355
618 427
2301 403
4128 970
198 3173
3213 4950
4617 67
2017 369
747 1952
505 2824
1661 2566
757 1417
3803 1873
4255 4888
2116 4195
3075 1406
3144 325
3738 1480
2498 278
3874 4062
2053 1970
2263 2929
1472 1698
4362 3801
487 1454
2430 4042
3030 1060
2429 4163
626 258
3540 877
1736 2059
1972 3577
672 4251
1796 1660
2430 4475
2925 1121
2889 1037
3082 78
1532 3491
1389 3724
4689 1124
2473 863
4747 4695
352 2161
3230 2275
4029 4807
3690 1269
3247 2778
1337 4637
2274 2900
177 1701
263 2757
760 4806
4718 733
4211 2676
1525 2882
2961 2418
199 2570
2830 455
2537 860
1661 1177
2688 4214
1103 1806
2842 3975
1906 4539
1516 2271
2412 2677
1339 2631
423 3545
2727 1522
1321 1423
4939 1266
4242 49
85 4497
447 2986
4669 3730
2773 383
2046 1651
1243 4131
1313 3700
3294 1755
729 2012
2368 3519
1059 3020
694 3055
4727 3556
4080 3406
1291 872
2107 4707
2933 4374
4367 3663
3234 3277
1943 4482
1403 1074
3293 2836
2353 237
2102 4805
1476 4860
4905 755
976 3244
4507 40
1523 2055
1621 1466
502 1588
644 643
3638 3880
3557 1600
1870 4229
4550 2897
2684 4652
726 1205
4930 4615
2535 1749
2115 99
4861 2984
631 2184
3933 3286
1655 2517
1206 3658
3709 3842
4020 35
636 2563
301 1383
2185 3219
1988 1285
4571 45
1838 3689
3691 4586
1737 4378
2851 4436
3235 331
561 4839
4182 1720
3439 1705
1601 2144
4165 1510
3021 1744
2397 3969
4271 3235
828 2874
491 984
2861 1209
1164 3585
2163 1792
2732 686
861 180
1415 3186
1050 484
3067 2674
604 776
2679 3890
3200 2169
1259 2023
4686 992
1943 129
781 1604
3073 3135
1150 3518
4343 3762
4594 1107
1748 23
52 34
2648 3741
1416 3874
2436 4841
466 4323
3619 699
4942 895
1680 779
4119 4598
4107 4937
1826 2504
4495 2980
4794 4398
4674 2463
4468 2841
4913 3402
717 4502
2873 4036
4559 250
1069 890
2029 1461
3882 518
2374 616
3115 319
2009 83
222 4193
831 2884
789 773
201 2687
346 3960
70 2415
2294 3774
855 4508
2482 3870
4897 3510
1288 2719
2878 984
4798 517
3045 960
3853 1730
3465 4096
1239 4352
1314 3003
195 228
1690 3203
697 4225
3761 4335
1255 3040
956 1159
93 1579
4517 243
221 684
3265 1880
2838 3779
2742 3024
2707 4866
0 997
4432 2675
387 1643
2457 3206
1812 1156
2796 1412
1562 4321
3524 1938
3850 150
270 1260
4488 753
305 3564
4141 3720
2918 4928
1461 4321
777 3287
1559 4690
1198 3850
4882 2261
550 4649
810 559
30 2768
3650 2337
1941 528
516 2140
3067 1747
1224 3049
2606 614
2907 1490
1633 2935
4971 1459
1896 1248
1928 3216
2831 721
498 3827
4500 4053
2706 1555
3735 2366
4944 1551
1762 959
3995 172
119 2468
4811 3651
913 1818
2805 3433
2879 137
4681 4006
4540 1144
1912 3766
1992 4311
2632 3204
2242 3631
2198 2846
1845 276
3802 1596
2379 3254
2989 3168
2509 1008
1162 71
4515 3716
3515 1817
4158 39
2942 2440
1470 19
1048 3366
4089 4393
108 2602
2715 2337
836 3221
2812 3586
292 1722
2766 2811
4283 1998
858 247
1180 3269
3168 1251
1707 4551
2643 2728
2010 998
2419 901
1641 3359
1540 2968
354 2051
1694 3734
3948 884
3845 4291
2168 1535
3438 4022
4754 898
2138 4565
4486 1221
4335 447
222 4674
3767 3666
294 127
458 4659
481 562
2201 2191
393 3524
3221 4429
1117 4474
2802 3906
4812 4008
3081 1911
2464 3071
3449 4135
789 3622
552 1583
4221 1940
1036 239
128 2461
2639 4461
126 2153
1737 3347
837 1516
4916 4624
1958 2305
4723 414
3633 3662
952 28
210 430
182 527
3060 1001
2823 2427
2298 3519
1214 3032
3911 851
2263 204
4188 2297
651 2804
4039 3441
3658 485
3080 2904
2578 4823
3237 840
2586 1801
1846 2784
2473 3254
980 3621
3116 4413
1455 2331
3965 3251
3793 631
3260 303
4285 2601
2350 2787
3205 4572
559 1532
4018 1115
4033 283
2853 556
3925 654
2182 166
12 1793
716 2158
3579 2253
4872 1054
1369 3337
4952 23
444 1727
4810 1289
315 4573
3735 4222
2335 2744
645 867
4665 3748
2237 293
1538 1189
3971 422
1397 4837
2638 2433
534 1354
1812 630
4113 2871
2599 400
363 3450
850 368
1760 3497
1652 3090
206 1803
1376 4676
4865 1675
4261 3451
3210 692
1548 2202
3272 3724
320 3199
3096 2089
1835 1298
4468 115
4735 3695
3472 1178
1298 2296
2720 1991
2103 1744
4860 4642
2266 2526
258 3988
4353 4590
1262 4272
1159 306
312 918
3811 3868
605 4847
1337 4407
1630 3684
4077 3541
4614 356
2600 683
1165 1015
1742 2468
652 3878
2821 4854
3072 1170
2174 3717
2228 2072
2638 3972
240 3403
1910 3919
3488 53
4655 1270
1336 1724
4725 2838
1766 3304
1670 4856
4556 987
3428 1667
3644 996
1991 2976
141 2018
659 4169
3725 3285
36 3351
1264 175
4710 3987
2629 1627
1375 4194
839 2922
660 3283
88 1196
1038 2947
171 2017
