999 998
55 706
355 55
55 523
923 55
55 92
55 870
55 840
55 737
55 133
55 931
55 507
335 55
55 148
55 79
55 721
55 81
55 778
563 55
439 55
55 195
508 55
55 313
789 55
731 55
166 55
844 55
55 309
55 959
55 65
55 962
592 55
716 55
707 55
733 55
55 827
755 55
55 948
693 55
55 802
212 55
55 606
55 539
486 55
867 55
55 299
55 710
55 828
839 55
55 427
115 55
55 780
19 55
905 55
602 55
55 692
181 55
55 221
55 630
233 55
607 55
532 55
55 581
55 977
55 595
664 55
55 491
178 55
628 55
55 648
55 210
164 55
55 460
774 55
762 55
593 55
2 55
55 641
55 975
55 973
55 901
38 55
55 359
311 55
338 55
55 850
245 55
741 55
361 55
55 463
685 55
55 270
55 203
498 55
55 489
55 856
55 454
55 891
656 55
466 55
765 55
646 55
55 776
730 55
55 835
669 55
993 55
55 902
986 55
232 55
55 408
441 55
325 55
170 55
21 55
220 55
55 788
55 96
55 919
90 55
55 161
760 55
121 55
55 107
120 55
386 55
982 55
55 713
55 236
684 55
55 768
55 799
55 644
55 734
139 55
274 55
55 866
55 298
690 55
55 934
55 302
55 522
55 231
974 55
60 55
55 127
578 55
55 3
55 598
211 55
55 960
55 661
87 55
55 988
881 55
55 495
667 55
295 55
55 968
55 47
254 55
55 964
727 55
647 55
660 55
55 715
55 834
58 55
55 889
55 155
435 55
921 55
55 86
55 987
248 55
55 243
763 55
796 55
55 241
55 617
71 55
246 55
969 55
55 318
7 55
55 113
911 55
55 588
55 125
933 55
40 55
55 635
55 677
66 55
55 52
636 55
283 55
189 55
604 55
55 810
779 55
55 20
343 55
156 55
55 471
55 708
336 55
55 459
257 55
55 611
55 281
55 555
320 55
99 55
698 55
577 55
610 55
687 55
339 55
55 930
825 55
521 55
180 55
55 722
22 55
93 55
55 337
39 55
970 55
55 501
683 55
55 900
55 383
429 55
26 55
642 55
45 55
681 55
619 55
55 225
229 55
25 55
55 573
56 55
55 206
55 130
55 160
898 55
591 55
994 55
55 767
751 55
32 55
55 417
493 55
876 55
55 794
55 442
481 55
874 55
438 55
55 478
55 402
165 55
55 544
55 317
55 940
600 55
55 41
55 425
55 59
55 534
55 922
55 808
15 55
836 55
55 547
55 30
55 725
545 55
536 55
315 55
55 17
296 55
322 55
847 55
458 55
744 55
55 609
55 204
116 55
12 55
944 55
55 157
55 138
541 55
461 55
55 273
888 55
55 350
55 484
55 748
55 849
55 29
55 645
261 55
557 55
790 55
865 55
285 55
251 55
798 55
55 363
55 136
55 855
761 55
55 191
55 401
55 500
326 55
631 55
55 479
55 227
640 55
754 55
76 55
55 749
909 55
55 526
465 55
55 623
812 55
55 509
55 278
103 55
55 380
62 55
55 470
329 55
269 55
55 111
55 143
55 275
649 55
55 786
55 50
172 55
816 55
958 55
55 175
55 955
447 55
55 391
875 55
370 55
718 55
55 949
105 55
5 55
259 55
518 55
55 307
55 564
55 695
399 55
55 956
965 55
27 55
456 55
826 55
55 525
55 528
638 55
146 55
804 55
55 49
872 55
55 694
384 55
55 793
14 55
72 55
797 55
55 700
824 55
357 55
55 217
55 376
423 55
55 34
833 55
55 428
55 405
55 319
55 462
327 55
517 55
913 55
240 55
55 396
55 342
483 55
55 894
55 77
55 436
340 55
953 55
358 55
55 467
55 78
55 414
55 925
55 451
55 805
55 475
137 55
55 686
55 709
55 271
55 616
224 55
55 781
55 109
55 48
55 504
55 154
100 55
55 811
55 981
55 627
497 55
55 360
330 55
55 69
963 55
253 55
529 55
228 55
55 791
570 55
906 55
540 55
732 55
736 55
268 55
88 55
885 55
860 55
55 531
556 55
316 55
398 55
55 990
55 842
492 55
301 55
55 771
55 576
991 55
279 55
237 55
979 55
55 411
55 719
55 310
55 374
55 91
202 55
372 55
494 55
369 55
55 106
239 55
35 55
869 55
985 55
55 952
851 55
55 877
792 55
182 55
704 55
620 55
55 800
74 55
368 55
582 55
820 55
207 55
129 55
55 300
55 603
55 634
55 936
565 55
55 928
55 758
55 773
566 55
55 83
728 55
306 55
580 55
55 764
980 55
915 55
118 55
305 55
594 55
55 680
55 199
16 55
55 663
55 702
924 55
55 757
242 55
995 55
183 55
28 55
542 55
535 55
55 838
280 55
55 579
670 55
55 123
193 55
55 267
55 201
276 55
945 55
897 55
961 55
55 464
950 55
55 807
562 55
559 55
53 55
64 55
612 55
55 128
389 55
55 783
131 55
55 153
55 530
596 55
817 55
583 55
112 55
673 55
857 55
412 55
55 514
235 55
55 168
55 255
55 4
294 55
55 472
80 55
403 55
55 18
55 652
983 55
55 282
738 55
55 863
746 55
938 55
95 55
55 341
55 249
55 345
55 379
55 903
55 102
55 613
219 55
381 55
711 55
55 560
505 55
561 55
55 82
215 55
55 756
55 477
476 55
918 55
214 55
946 55
624 55
55 147
55 400
407 55
873 55
186 55
55 262
506 55
723 55
699 55
332 55
413 55
55 879
608 55
173 55
277 55
418 55
55 406
55 672
55 6
823 55
55 304
487 55
488 55
457 55
55 444
55 124
537 55
714 55
605 55
55 293
55 382
263 55
55 703
55 551
314 55
55 94
55 151
55 533
453 55
385 55
55 174
392 55
55 752
818 55
55 904
297 55
626 55
346 55
55 54
55 354
795 55
55 895
567 55
55 362
55 941
167 55
770 55
55 344
55 837
55 643
375 55
117 55
55 101
55 421
108 55
422 55
503 55
55 1
871 55
43 55
55 397
55 917
55 378
55 662
55 230
55 75
777 55
209 55
446 55
55 67
55 334
303 55
858 55
519 55
55 972
55 218
55 546
264 55
55 590
119 55
55 256
575 55
625 55
524 55
880 55
266 55
584 55
10 55
55 676
55 650
250 55
55 510
55 914
55 222
55 868
55 585
55 36
954 55
55 104
159 55
743 55
832 55
787 55
55 614
171 55
55 416
55 426
639 55
200 55
55 312
597 55
55 957
55 512
724 55
286 55
550 55
55 846
688 55
55 430
55 328
622 55
55 829
893 55
697 55
140 55
976 55
55 654
288 55
55 784
135 55
55 179
141 55
134 55
110 55
55 68
55 445
55 819
55 675
387 55
55 815
55 443
55 601
55 395
31 55
671 55
682 55
55 848
184 55
198 55
55 852
55 70
689 55
468 55
502 55
55 85
55 830
55 440
432 55
419 55
393 55
213 55
55 632
55 553
729 55
701 55
404 55
55 351
55 176
55 886
55 726
55 490
55 247
742 55
205 55
55 353
599 55
55 861
55 899
55 348
55 194
55 659
373 55
55 527
415 55
9 55
769 55
705 55
55 679
621 55
226 55
883 55
55 365
55 480
653 55
55 890
814 55
409 55
11 55
13 55
410 55
920 55
63 55
55 571
910 55
775 55
55 352
44 55
841 55
126 55
55 942
55 424
142 55
55 448
55 854
753 55
55 192
272 55
185 55
33 55
574 55
55 513
55 238
46 55
55 947
735 55
292 55
55 971
55 766
782 55
55 882
55 149
324 55
55 615
967 55
196 55
145 55
55 433
55 939
450 55
55 24
55 42
55 864
84 55
907 55
55 485
55 57
347 55
55 822
543 55
55 455
291 55
908 55
55 785
712 55
516 55
55 806
55 114
55 658
55 420
996 55
55 932
55 568
55 208
55 538
474 55
558 55
55 984
55 887
55 745
55 935
55 122
55 287
55 989
55 73
55 364
55 548
55 390
482 55
55 859
55 666
55 586
55 929
750 55
772 55
926 55
55 884
356 55
55 549
587 55
747 55
55 927
55 655
657 55
951 55
55 431
349 55
572 55
55 717
55 234
651 55
55 629
55 8
223 55
55 437
55 759
55 515
637 55
55 691
55 813
740 55
55 177
978 55
23 55
55 252
55 739
97 55
55 892
943 55
992 55
55 803
452 55
55 51
55 831
55 162
37 55
55 163
801 55
674 55
394 55
333 55
55 937
55 862
853 55
55 696
55 589
89 55
55 912
55 496
169 55
55 668
55 633
821 55
55 809
55 878
55 997
55 258
55 665
388 55
55 284
55 720
331 55
916 55
61 55
55 152
187 55
845 55
55 366
469 55
55 216
55 434
55 367
678 55
55 144
511 55
158 55
55 321
55 150
55 244
55 308
55 190
473 55
0 55
896 55
377 55
188 55
55 371
55 998
55 260
55 289
554 55
843 55
55 966
520 55
132 55
323 55
55 499
55 98
265 55
197 55
55 290
552 55
618 55
55 449
569 55
