500 499
53 430
408 0
95 240
101 37
97 239
349 342
159 356
404 138
7 361
161 269
141 155
364 1
439 83
329 374
388 336
308 479
379 175
268 458
141 444
181 407
372 272
472 268
59 226
247 244
354 326
425 245
51 133
193 70
499 264
301 460
276 360
44 481
213 85
56 289
380 484
91 81
415 174
427 463
175 120
48 457
102 178
288 125
146 264
363 237
132 300
219 109
437 55
72 281
24 211
231 265
249 77
395 61
143 499
112 203
123 150
10 357
267 25
280 341
300 323
12 292
232 11
263 422
376 297
296 283
71 102
108 228
310 277
394 55
384 15
23 386
180 475
165 27
76 218
71 471
82 32
371 322
343 104
421 486
11 160
403 221
211 314
205 411
200 149
171 404
340 416
79 372
485 438
446 496
380 462
326 127
492 198
352 457
73 255
338 115
385 390
401 490
396 118
311 23
393 435
103 242
293 386
222 382
406 487
359 43
36 69
90 316
151 30
399 263
384 473
171 402
132 410
147 206
147 74
223 376
9 303
121 144
280 315
120 459
2 257
121 370
220 353
109 332
225 431
397 19
464 180
452 272
439 231
254 247
498 234
426 124
174 266
8 484
80 450
387 143
78 34
139 288
456 135
56 223
324 480
188 50
125 58
167 35
82 151
218 374
65 421
96 189
75 64
308 491
243 199
201 45
295 283
392 393
145 165
474 398
278 357
146 279
3 40
444 400
414 345
322 31
449 405
84 41
144 14
286 438
284 212
207 184
205 347
496 3
239 169
358 153
305 29
172 177
191 66
352 192
265 193
281 312
250 18
271 262
94 317
62 480
493 153
122 162
297 405
274 158
66 367
167 7
114 494
95 152
318 435
433 367
369 197
467 378
271 20
201 362
74 232
163 226
460 135
337 54
415 441
204 96
173 470
106 149
134 350
493 154
269 206
343 402
273 86
29 253
26 379
61 276
156 287
437 58
26 320
397 87
47 24
160 331
208 139
19 73
31 4
169 337
472 419
329 217
447 64
60 296
433 114
152 101
21 259
47 197
200 39
166 371
304 13
285 310
458 412
97 489
262 230
236 131
270 477
4 142
100 362
173 328
164 403
342 158
388 418
341 381
199 128
92 219
432 454
212 450
382 150
321 107
412 456
209 52
128 348
451 60
295 487
418 38
36 188
45 312
105 408
0 330
321 443
443 190
467 255
356 252
225 304
369 424
331 108
99 83
366 261
340 163
88 366
46 364
155 455
335 145
290 306
423 126
123 334
409 398
49 46
183 91
189 260
48 172
315 22
34 202
400 103
389 116
33 136
461 332
248 168
148 217
40 483
76 240
453 430
319 119
63 303
88 287
63 350
78 466
124 181
302 184
446 360
224 365
313 156
138 317
278 168
122 54
99 474
355 451
417 333
482 30
195 375
497 389
21 179
277 215
432 302
377 187
94 471
198 209
9 383
392 194
468 32
196 207
445 339
399 129
344 417
249 363
237 339
291 248
242 320
394 473
454 236
224 154
210 485
325 25
140 478
1 368
13 424
258 436
233 488
233 286
213 2
305 318
483 27
204 462
420 190
183 106
105 129
117 274
157 126
89 186
192 130
468 137
259 470
15 368
348 336
235 401
137 440
227 494
396 182
98 176
411 477
275 227
6 361
426 273
130 84
453 461
14 335
373 375
314 328
221 416
28 285
441 294
267 62
235 238
77 383
134 131
413 112
293 420
440 455
93 5
148 241
270 429
222 159
294 445
68 203
466 113
324 17
50 113
313 178
463 391
266 353
495 459
89 355
448 428
110 85
57 334
410 347
307 179
298 423
428 79
491 22
170 327
465 479
51 436
246 419
490 202
349 196
16 65
253 191
252 215
18 482
275 429
431 80
38 319
20 306
301 260
330 119
72 387
425 464
442 365
220 489
354 344
117 476
67 385
87 52
111 185
390 42
111 256
8 245
395 422
44 333
309 12
92 243
469 323
469 251
241 282
140 359
216 289
452 495
238 127
290 69
39 59
68 185
162 133
338 6
292 230
351 309
10 279
195 53
194 67
449 307
49 116
442 142
427 57
481 299
208 492
216 161
37 257
447 42
486 478
177 346
157 406
244 81
234 115
187 16
316 98
258 284
17 186
291 261
476 246
345 70
434 166
327 104
86 373
75 228
182 409
378 164
346 413
28 325
254 377
282 93
214 33
381 475
170 370
299 250
136 251
497 100
176 391
351 118
256 488
5 210
358 298
107 229
465 434
498 214
43 35
229 41
110 90
414 311
