100 99
61 34
9 75
1 6
7 37
44 36
80 21
2 32
78 25
24 83
74 8
60 86
6 2
38 92
19 14
80 19
43 48
91 65
31 49
44 48
44 30
90 49
70 78
41 76
9 98
68 37
11 23
56 29
88 43
95 39
71 13
90 67
97 14
40 3
91 56
18 44
89 16
54 12
25 74
87 89
68 17
29 64
98 13
33 81
75 96
18 72
67 5
87 44
57 42
71 82
53 86
51 63
15 46
31 79
38 93
20 46
84 62
55 45
69 35
44 50
21 7
47 55
52 85
85 95
53 93
12 94
73 44
23 40
77 34
76 16
8 92
66 41
0 52
10 57
97 44
58 15
27 88
70 22
3 10
99 63
28 81
69 73
51 94
36 60
61 44
26 79
20 54
83 22
1 47
64 35
33 96
28 4
65 11
32 99
27 58
72 59
0 4
44 5
62 44
30 82
