2000 1999
393 1869
198 621
660 1989
612 1120
1557 410
2 1716
1362 405
1496 1503
657 157
1160 943
1811 784
80 1073
1017 137
1945 1476
527 780
1712 708
1464 808
663 1226
1060 100
247 765
757 1492
1594 1546
1809 524
508 1980
411 268
180 1939
836 1350
576 791
747 1907
1479 1322
1682 735
1032 1587
1180 644
1491 468
908 1695
1813 1617
134 695
1824 1205
1448 877
344 159
1456 821
1283 1788
109 1756
610 1886
1728 1676
1193 32
340 1363
890 1403
125 1451
1356 279
895 1453
748 1815
991 1279
1779 414
972 1898
1162 668
1559 821
1847 1946
559 200
1180 564
1879 711
171 1268
45 813
723 1782
892 363
1652 66
1982 557
1939 406
1281 230
633 466
1038 1563
319 34
1512 1761
1528 563
917 965
1172 1278
1759 250
782 689
1477 1860
57 1819
1192 1890
1977 1879
222 999
1865 1515
1109 1585
637 702
650 806
207 640
1163 1541
1921 1204
617 1294
1693 1813
739 1699
1939 1623
1898 1408
1256 535
192 1195
694 250
1422 1742
158 1146
1041 1558
611 1077
1059 1764
500 1972
1812 1522
1211 1590
1583 1547
1218 482
332 621
286 212
1086 790
276 1734
504 1943
29 467
1417 1633
1983 732
1656 1140
1539 1447
1599 492
958 1404
1412 777
1824 50
1081 1164
472 34
1731 1900
1802 1900
1386 216
519 556
1108 836
733 465
382 1506
1993 1214
1783 1683
274 998
1643 1563
1980 792
1288 53
510 1450
1618 336
1637 381
769 1206
1291 1654
1824 241
1121 270
1432 837
1723 1206
1912 1055
1789 1581
793 1599
1953 1363
1586 773
1875 910
1519 1418
1473 431
1777 1433
493 1479
399 609
742 706
1973 552
1494 676
611 1174
1353 944
1424 1254
463 287
848 1969
801 1185
160 1404
239 108
1288 772
606 223
1195 134
971 1803
608 321
1445 1696
1959 1375
1796 1216
387 713
1777 364
1466 412
150 715
325 1329
718 487
327 171
656 499
455 701
1612 806
1309 413
1104 100
974 1603
1174 1548
335 379
608 794
479 691
198 456
1609 1995
1369 1623
1051 1508
1244 326
1157 1172
1471 1168
1570 306
441 1930
1723 1182
19 262
838 981
1871 1196
1432 105
403 187
566 720
1892 1574
1162 789
268 1080
507 711
674 752
823 1514
96 1363
1566 832
544 1479
1478 1046
535 1133
1917 1638
1797 646
1602 1281
1264 1412
1125 478
1935 632
1283 1224
1877 717
308 1616
1903 1169
594 1986
1596 155
1231 795
1482 598
57 19
1445 948
1608 810
1416 47
397 1805
1206 1951
448 986
583 597
409 591
608 702
372 1254
1562 753
593 672
1556 1088
407 400
963 1119
933 142
120 860
432 773
56 1956
354 311
1932 1436
670 938
1465 594
1462 231
1714 444
1592 1435
1989 1392
1898 1289
837 1931
1490 151
411 1166
1654 1225
1370 904
700 1171
1441 1085
147 1034
1185 1845
1353 1360
1733 303
1175 1806
581 1816
1139 45
1313 487
1933 764
643 516
589 1852
1949 1940
314 1321
1910 464
429 1706
1831 1946
1895 1572
176 838
1377 1170
916 617
123 139
1064 1357
117 275
1177 1858
1969 1243
1911 716
28 1085
942 781
1283 1848
1934 0
1146 67
216 760
1135 1236
1791 878
1307 785
38 488
824 62
595 1487
1759 275
775 295
1836 203
1338 1205
80 1130
1498 1943
40 1799
590 526
934 1735
1513 300
1902 1274
16 578
331 1138
1139 1253
1265 789
1220 959
74 1936
476 1267
1963 184
320 1984
1764 689
1468 660
403 72
809 251
1836 1467
1500 1505
573 107
1584 247
861 1674
789 45
1211 473
1290 1959
22 634
1346 1765
1158 289
1495 478
184 1112
569 1559
1644 261
1774 1830
1083 815
316 1176
1697 704
1302 1622
1725 980
1189 887
1408 395
187 1221
1157 1217
990 1413
524 1111
1394 1331
1785 1945
1296 814
193 139
1276 909
1983 773
5 1614
297 1431
1498 731
834 188
819 1105
1857 41
493 1445
516 505
941 1181
226 316
757 1913
1797 1936
304 303
1083 1833
1190 1101
1937 1888
1892 487
1003 583
1798 126
1791 1854
946 1652
171 1655
1336 1703
1078 1617
208 486
1778 871
1459 1089
1520 384
663 1493
259 522
1275 882
1195 357
1753 580
1385 522
605 177
0 907
1092 858
1161 1438
552 879
599 636
361 884
272 1403
998 559
227 1381
1279 1189
1048 967
1541 1935
550 175
738 302
1609 36
633 675
620 1305
1157 1307
663 660
1957 990
931 1201
924 461
988 145
1067 1687
1467 360
374 1693
1735 96
1894 1858
837 439
412 465
1757 1640
1479 386
699 346
1984 204
300 261
362 174
1616 104
778 1117
1669 897
718 1793
1220 500
837 1488
1348 26
524 1736
1270 257
1910 1206
569 561
112 854
1924 525
1194 1472
1731 897
1121 664
221 839
924 1594
1131 617
1483 1549
45 781
555 360
663 403
352 1772
1964 1497
335 1885
1046 982
613 260
1627 1365
1713 279
243 1312
673 1448
1569 912
1050 1617
1461 1387
1002 636
203 1795
1255 1661
383 1435
186 1157
1396 96
216 985
1977 875
1516 1034
386 218
67 19
1632 1348
999 1990
1245 1697
523 949
737 498
460 365
672 1534
1103 538
896 1278
1568 1815
424 1579
585 537
660 420
984 1162
768 703
628 1542
1932 881
747 1995
58 900
1045 1625
1978 134
1297 1671
79 321
415 243
624 1241
1994 1103
1770 40
1251 67
364 700
1628 1172
261 1315
1837 1810
708 1947
1853 634
1170 116
243 43
30 503
411 1913
421 948
131 1815
1134 1633
1447 1919
1266 690
744 382
500 1157
749 768
233 320
673 1823
508 1769
98 929
1121 1360
803 647
1898 859
683 867
505 1708
1015 417
1005 774
878 1285
494 816
1652 565
1917 690
1121 784
1711 414
1024 1858
535 1459
1304 1547
897 1922
179 835
89 212
574 1180
9 821
263 1257
94 68
1531 1964
541 853
1888 1063
110 1452
1739 1335
1768 955
867 986
1863 1872
1404 1528
787 784
1900 234
1160 520
1696 698
1591 1261
591 531
320 452
1265 721
1314 1686
1199 1866
1078 1777
1404 1917
0 880
616 789
1187 1172
1362 1444
1928 1319
469 922
1654 535
1893 1557
577 1587
951 1491
796 174
603 1722
1688 396
1802 55
174 1074
1528 431
1341 1424
322 380
292 1307
904 397
1917 763
1151 740
1522 1282
1485 1022
373 561
1659 1528
757 1317
276 1567
722 762
384 102
1958 304
1523 770
837 842
336 1093
764 1404
1875 1259
1802 1956
1813 1034
1295 831
238 1191
1544 393
282 650
1213 1780
1292 359
1066 52
832 303
1514 1380
170 777
654 868
1949 667
1572 1007
226 1015
1297 1772
970 1091
1938 58
808 850
1600 416
1408 818
1834 517
1721 1182
55 996
1852 1278
622 606
45 321
785 1222
214 1635
1722 1741
881 5
588 542
247 534
903 48
367 91
699 1134
1839 198
933 872
1839 899
663 148
1686 1765
658 273
84 406
1470 1758
658 1808
214 1565
677 9
1637 1450
1150 468
231 1249
1103 1001
575 600
470 477
1532 1620
36 1951
620 1215
1774 154
371 379
1432 1017
1388 1203
954 329
312 96
1110 572
920 634
509 1030
29 797
1838 1139
1113 175
59 1867
796 1103
1983 1154
1575 1338
1524 689
1351 565
1514 449
1868 766
1793 1273
838 1447
495 149
614 1265
1146 526
869 1637
498 1659
29 920
237 882
245 1324
1325 289
1588 968
986 789
1545 99
1120 1825
1552 607
1897 831
1028 1591
1499 1258
342 919
411 1206
1846 1203
707 1256
399 1684
1445 1649
1068 208
548 1674
292 1461
543 1004
313 368
751 1630
570 1437
191 143
1248 12
6 1662
1585 1642
1892 1598
1404 1206
1086 95
857 1374
1188 1782
438 892
1254 671
1813 61
1706 1530
869 1577
950 631
1724 399
131 232
249 514
1320 1
908 1195
1146 733
1278 1889
276 1705
927 1702
1760 1597
1347 1837
1793 1553
1470 870
897 1772
2 574
176 216
620 920
201 414
57 865
753 1682
1584 858
248 1540
431 1065
691 1384
149 443
705 1961
775 588
1815 13
1759 1260
579 1680
1349 937
1277 558
786 253
113 343
1936 1720
746 1427
205 1642
1365 1992
1439 46
352 1872
1474 1100
603 1762
726 10
40 256
318 1454
363 898
91 1802
306 338
1258 787
735 1913
463 411
1762 567
1197 571
1438 1439
281 913
662 771
370 211
294 1747
654 141
1456 73
1246 1623
496 985
905 1876
1705 75
1911 1707
924 1081
1211 1554
1828 438
467 299
1503 467
427 1386
426 1932
733 874
1478 1153
134 1028
636 280
683 926
602 507
668 982
1474 1090
196 1926
561 1138
1924 199
1118 1523
1033 1288
547 863
645 36
453 1935
1183 1591
1750 436
586 1633
1672 1650
191 1771
1098 617
627 1951
396 1561
1488 939
608 1531
1018 1276
1378 254
1994 1969
1427 1211
323 700
864 224
1232 1935
772 563
1023 168
1447 1299
121 1442
464 854
1140 1085
1372 1056
295 122
825 1185
425 1829
631 1035
553 1570
1019 1344
226 155
1447 1913
63 1807
177 445
50 787
590 1293
1869 1322
1694 177
258 1411
819 1744
1012 102
793 1523
1508 1452
1542 1812
1157 1728
884 950
1173 1507
269 1214
491 547
374 1535
1817 1370
377 41
1235 874
1887 320
1237 1470
1081 1658
1606 947
396 181
654 1432
1982 1425
1848 1470
1753 741
193 1143
321 811
970 127
92 425
18 988
45 1723
114 928
1162 1860
1127 1941
518 512
582 1504
1576 1258
1309 950
724 996
52 1455
329 513
1258 553
153 1297
1984 236
1773 1411
963 1399
408 1305
1511 804
9 1071
1043 1703
1368 1358
264 1323
1467 497
558 1681
1483 1750
1540 1567
1999 979
1666 1075
552 153
284 1169
764 1848
713 1426
1959 1841
1629 1241
738 1103
995 100
1944 141
1479 135
694 1780
1790 1934
1210 1220
1751 932
231 484
318 603
1709 1124
463 1874
1738 1856
512 1582
1936 1849
1730 985
1787 970
649 715
375 1491
1364 1057
79 146
1785 1448
327 329
1759 1403
1695 943
1162 1878
1946 1104
1342 1746
1672 854
45 1339
94 1287
1561 1042
1014 1560
967 724
1823 1391
1017 196
663 1311
114 1808
446 959
1780 1200
1296 1223
745 553
1663 1515
1812 615
734 220
512 560
766 1784
1334 239
1701 317
890 1054
200 727
1740 898
757 1763
1524 993
1493 1381
330 663
954 1689
1376 1971
861 104
1020 1292
1358 1356
246 11
1985 1037
616 1612
101 1354
366 1167
1593 1151
1781 762
206 1657
296 577
495 152
118 1372
1082 545
1142 1319
1917 647
954 1611
1634 41
601 1728
996 1399
1967 1007
1047 376
50 172
81 951
3 459
191 935
676 1142
194 596
220 698
1692 1145
225 1823
1092 15
540 503
1152 1983
983 426
652 1402
911 1873
1642 290
307 581
1356 573
164 1643
687 1001
1859 1971
124 1806
1061 809
200 1463
252 683
1146 630
779 1406
1421 1923
836 1729
124 165
1483 455
1772 1245
1968 391
207 595
601 1125
778 1595
1756 1097
1298 528
1835 409
540 979
787 1772
1284 1052
1019 761
394 1365
1484 530
453 1069
1844 355
1564 1860
1216 1556
970 1979
588 924
1303 1156
1689 1870
787 830
355 1277
1640 1126
1601 1327
152 78
244 1269
672 342
379 999
566 821
855 1346
348 1762
197 1480
169 288
1333 1079
1097 1912
1159 700
1959 1875
1727 1152
1170 613
1734 1987
63 33
1000 314
1862 1488
1685 1258
240 170
14 949
1375 1137
978 1010
1054 1607
1026 493
418 1186
352 1827
139 1913
175 293
872 852
1937 1273
1274 1654
559 330
1571 815
1284 996
1632 1103
897 101
535 519
608 1211
379 1219
476 1641
765 1832
102 104
732 1019
1469 130
144 1549
1072 879
65 1632
1708 351
1028 640
90 1619
1849 1645
229 1601
108 1310
616 1489
896 583
1122 1223
1863 195
929 1479
563 77
1081 920
1499 1798
703 876
1731 1100
1239 184
1991 959
327 167
502 1149
677 21
103 1979
1101 721
910 1975
1639 1206
1591 845
1000 86
831 1776
414 767
303 1601
1030 780
1197 1988
1542 1881
430 219
431 604
243 1865
358 1118
632 115
1492 600
1423 408
44 1996
444 422
471 1037
1319 186
1717 897
1137 1300
789 1739
807 1280
1891 792
321 1416
1816 1174
541 1878
433 910
724 1167
411 326
632 228
1846 516
1062 1531
657 704
1372 1407
1723 491
1021 1523
1070 724
1296 723
99 20
714 1802
1139 1601
1023 92
1853 1749
738 490
1864 608
598 966
1408 1050
1899 384
851 1859
123 1783
1829 1731
1816 1589
389 1606
317 951
1401 1244
214 973
1533 653
1743 1921
303 163
1752 784
1156 1982
1673 755
1403 1624
221 392
1106 801
1522 1736
796 1762
400 551
1594 759
633 621
1682 978
70 31
1710 255
27 874
1871 927
1777 1147
1032 1726
1239 1464
29 1057
1368 517
71 1940
606 562
405 1929
1115 1869
1182 10
1198 1049
927 1599
703 702
202 173
495 1451
945 316
1504 45
353 1355
247 915
950 1278
1978 31
888 714
130 665
883 1375
1996 1111
142 1202
1531 1754
99 184
766 379
559 1453
113 1305
1408 322
503 587
658 988
613 1007
662 72
1525 1616
184 987
1648 949
142 669
801 210
1803 1696
1570 495
435 1327
150 1340
1174 1185
874 1748
36 1807
17 994
1040 856
1390 1595
1230 630
908 1621
151 595
326 558
284 923
1573 578
933 365
729 483
1514 1071
1580 1552
184 326
902 1078
1812 1413
1524 1058
414 536
1475 1279
590 849
418 1673
1732 635
619 1522
469 1193
99 1417
375 1855
281 831
704 1009
166 1798
1517 1277
1522 1307
269 492
387 1550
474 1831
196 1462
3 1036
1646 800
1116 775
639 1549
210 424
26 1252
0 924
1884 1536
182 1865
84 1850
1001 1823
1746 1146
24 1216
1866 167
1307 246
1541 447
1708 1913
180 220
741 793
1743 1428
1233 8
1247 647
1322 1076
735 835
521 593
145 499
512 43
1430 1988
987 1936
894 1959
565 931
141 871
221 838
1875 1690
528 1212
39 1037
596 896
324 1514
624 537
673 1409
1233 1207
1610 1871
783 1371
1457 750
1942 918
271 296
1529 1977
368 30
961 516
29 705
1110 1286
1841 776
668 121
1022 529
540 1909
148 1366
826 1815
563 1845
783 826
987 1627
1191 385
1209 915
922 1927
1075 1730
423 1643
458 1949
822 1473
510 835
1820 356
1410 197
159 76
1675 1766
1352 273
764 305
1460 1385
912 1974
592 1065
1434 1762
576 692
593 1539
1772 100
789 641
267 1662
1619 1860
1802 710
856 1227
1552 1185
1965 858
284 175
189 1155
493 1954
896 1679
993 523
128 378
784 485
1408 1985
942 506
1031 1852
871 1826
393 1605
616 1008
1527 1545
1039 618
1320 421
1761 1050
1956 1821
623 589
337 1767
1608 414
477 1165
1984 796
1603 352
993 1845
658 1665
29 102
805 9
1518 1275
160 215
289 530
897 1197
222 952
51 1380
442 104
1977 1852
177 407
1452 1157
1765 1848
1445 1884
838 1011
1102 1277
1519 862
1721 224
524 1449
390 1598
1709 1662
418 1227
761 1370
347 626
1968 1654
1420 772
711 1678
1250 1017
1905 778
549 1792
1458 101
606 1766
519 440
1670 485
1426 871
787 1834
1564 964
1706 899
1738 910
1260 1691
1236 621
1982 1373
62 1184
558 688
141 9
794 1269
134 1630
107 1647
1885 1440
945 174
190 1121
1193 1179
684 318
736 285
1755 1397
1677 467
975 1877
1055 1421
1301 1682
111 1796
1286 804
812 584
829 1807
1001 171
438 840
1170 1924
52 809
951 550
1944 730
833 1839
777 778
1696 1081
973 153
381 1437
1017 480
348 960
1761 764
1718 591
276 1258
113 661
274 1218
638 82
1604 223
1578 430
1584 816
306 1000
1315 807
603 1698
1396 1962
759 156
1766 1745
489 297
1506 1542
1840 454
392 345
38 1850
1262 1374
1981 1056
891 261
396 1110
1132 517
80 83
1332 289
1404 1103
735 1700
608 1085
800 540
9 508
820 391
1818 1181
4 883
992 764
82 1293
980 1147
451 753
476 1368
642 1807
1807 629
270 206
337 217
34 734
1969 1398
977 493
1172 686
1328 1625
563 1279
461 250
693 641
975 1762
950 742
60 519
787 1029
51 725
209 642
309 642
1178 1200
1096 1526
517 1886
787 736
715 1848
110 1563
475 171
927 1845
654 1227
761 1151
1910 1921
1491 1227
419 1392
1952 108
1381 301
882 105
762 1906
1652 135
87 1300
1872 1394
1812 62
1640 1728
1472 150
1873 1815
651 36
1972 1851
124 1343
1680 671
1281 1131
523 851
385 45
81 1455
799 528
680 621
817 1408
1262 1318
1305 205
588 1724
1948 982
297 856
1943 1703
1262 1107
743 1051
850 398
1108 599
1602 1182
1107 330
973 401
644 682
54 1643
213 479
991 1883
819 105
1157 1528
216 812
356 1795
924 1920
478 42
503 1446
679 1610
344 316
1998 866
1164 1861
1163 291
337 986
501 184
462 146
186 264
1292 1915
846 974
1307 733
654 729
1367 1419
559 1465
1286 769
380 1242
1941 1308
1208 1761
533 1782
36 339
1555 1235
239 901
1503 263
40 94
203 1483
36 1181
1599 1625
1270 878
388 1705
311 1617
99 481
197 668
1435 402
1133 1696
1263 249
1217 598
908 1774
1139 997
1305 1383
1311 640
1492 568
836 131
1526 1129
428 424
1640 666
736 1526
1359 498
694 685
1149 1028
787 1173
957 52
986 1238
603 253
177 663
1631 105
886 702
184 606
813 1099
29 414
773 994
715 844
350 1393
378 1634
1115 1020
1005 99
1443 450
153 1532
389 461
1270 764
219 1512
1241 1023
1311 1626
697 763
121 1193
874 1148
1284 1114
1539 881
804 1367
1450 1935
1761 1509
408 1362
914 8
528 539
374 328
1053 288
1411 1632
1692 355
549 785
1505 1474
1307 341
1804 101
1976 1884
298 611
1604 709
1693 1660
64 1136
924 1406
1904 1830
23 1698
712 1375
444 1776
1414 976
1653 335
1541 543
186 999
36 652
1593 828
1498 461
802 340
1404 1772
733 885
760 1615
728 1785
1425 1538
881 161
336 1297
1533 250
1298 1141
1229 1379
80 793
1627 1756
49 1883
350 476
1305 1581
96 1306
1467 762
1840 861
1316 45
921 879
1358 843
142 1504
1750 1086
1710 1258
1220 68
1875 173
86 310
1041 1151
88 1080
1563 914
654 1445
1305 1547
647 1439
1272 974
1182 1940
1083 1504
1724 1347
1379 1014
333 444
1094 1011
1771 1322
1081 41
437 1910
1172 1168
334 5
1193 1843
1901 1534
350 1760
1751 47
1940 1875
283 653
1414 442
738 1916
930 769
250 1385
1696 411
1960 407
1940 487
486 134
355 1786
1800 714
765 770
1276 893
648 962
1992 1337
1627 1123
1163 235
1324 1599
1908 712
1175 184
277 174
910 1918
321 37
546 367
647 1876
1023 1636
22 349
1136 559
69 1135
185 670
12 774
6 630
1709 242
613 764
1297 1006
1704 374
1857 106
1732 943
965 1659
1137 925
1840 35
1128 713
953 330
1880 1195
1801 504
690 1082
1198 411
1108 756
783 968
753 1349
1928 434
95 618
801 1664
1050 370
101 903
1475 1715
1093 1087
515 1597
383 1621
129 1822
719 741
696 1146
1955 885
1493 1622
1876 1443
655 1465
1452 1836
906 99
1857 1044
94 59
288 192
866 1602
1612 1418
1524 626
26 133
354 1543
3 1443
1326 754
315 1404
1405 1036
1467 1372
896 671
431 1699
763 1013
1228 1922
761 924
85 1095
1483 129
1389 1201
1501 7
1925 305
260 1896
788 1292
1464 1890
1775 1007
1101 1914
1361 207
1308 1072
783 833
1939 681
1557 1263
1081 1501
138 1543
547 1022
940 1286
1882 4
139 658
1528 1373
1807 1024
232 841
1723 162
302 1668
1481 1876
1959 1979
1922 1378
577 1452
275 1330
180 1379
1551 757
1966 559
936 175
804 479
1296 370
578 1158
1502 150
404 1283
1794 378
1738 1326
576 1034
119 1373
457 1661
404 1395
1796 552
554 517
1718 41
1098 93
798 381
1938 1045
205 1742
1368 1271
827 1381
873 1402
1235 1263
1852 1095
457 55
234 1084
1644 1735
1882 1144
136 926
1097 1027
969 1891
1065 834
909 330
503 139
266 1103
1262 1120
1468 1687
1139 750
1842 789
1412 1599
1174 1768
29 281
399 1970
1445 330
415 1900
758 1497
302 962
1862 1719
1401 989
866 1997
1400 860
192 130
1609 1329
956 1739
376 456
416 721
796 1735
1205 1025
1553 1814
511 975
1139 1942
1667 1065
677 678
1950 1764
420 625
861 670
780 1185
1016 231
369 1373
1240 839
1253 477
532 861
1537 261
1036 1613
295 659
1415 404
1651 1536
316 1707
339 1521
1740 1823
1345 139
735 1155
250 1064
71 1429
997 265
1020 528
838 353
183 630
132 1324
25 68
329 1231
1234 1670
950 1747
182 140
1979 912
176 108
1175 1333
847 1662
889 673
339 178
1837 1930
1862 708
286 219
487 97
1382 1326
1737 135
1397 734
8 1486
1913 578
1839 663
121 860
458 574
1740 752
1510 1040
278 1139
