100 99
12 39
47 51
52 37
46 93
59 48
24 15
73 98
77 8
29 31
81 74
86 58
31 30
15 68
15 42
98 39
55 18
15 94
94 98
93 65
75 31
45 85
83 76
57 76
17 27
54 66
94 49
61 75
80 20
34 64
77 91
9 28
76 95
52 65
13 10
99 62
15 82
77 1
2 81
22 98
85 38
43 92
32 50
98 81
85 7
20 98
0 32
92 3
89 63
43 28
85 58
69 29
65 4
61 14
77 72
67 70
54 78
63 44
7 41
54 55
44 50
8 20
53 87
88 45
79 2
96 90
97 42
62 15
47 50
28 53
58 17
96 58
92 0
64 71
58 48
62 16
52 47
21 97
68 5
30 23
98 32
20 58
40 63
13 29
73 95
31 81
60 25
25 35
10 6
26 42
51 11
70 33
84 99
50 64
36 51
56 44
25 94
19 52
98 70
55 33
