1000 999
415 665
676 440
60 136
677 232
408 235
748 844
83 299
904 167
785 761
257 550
417 72
821 233
754 371
21 452
169 552
742 115
906 165
441 353
364 112
153 55
909 222
799 392
76 561
382 718
233 45
441 645
784 280
756 689
893 522
668 940
327 191
888 146
843 70
740 171
791 943
148 508
596 68
349 386
894 615
313 987
976 7
799 442
872 63
521 421
783 97
682 66
12 685
405 983
772 400
275 203
841 971
297 463
805 888
705 220
592 537
424 724
608 603
753 254
493 292
528 10
8 562
741 52
740 323
967 294
810 356
212 502
160 436
155 666
904 38
183 767
702 525
758 449
871 76
308 467
796 816
217 990
331 70
998 829
849 431
610 24
911 23
649 134
709 915
315 721
998 42
775 284
139 133
634 103
475 600
663 330
746 854
967 23
734 539
39 322
323 747
812 225
615 563
957 710
966 422
157 942
443 523
544 534
391 71
688 586
282 873
163 383
593 32
828 399
483 969
515 120
83 383
794 896
948 54
695 440
750 614
652 276
511 590
120 321
155 695
962 964
163 165
630 138
323 847
188 409
354 0
722 481
941 546
56 597
470 156
306 622
614 635
427 486
488 165
168 722
484 647
760 269
13 403
485 502
166 588
864 744
326 803
614 236
451 291
628 193
917 624
41 92
994 663
799 303
471 0
263 724
872 217
949 11
993 878
535 182
224 511
695 231
699 151
779 55
651 766
605 572
460 539
804 732
304 0
604 346
419 393
715 383
377 672
515 1
207 851
189 770
365 806
916 914
366 7
280 318
1 526
687 400
212 153
947 301
572 892
934 615
348 501
162 772
560 221
293 926
65 334
362 942
47 926
514 706
483 646
685 165
481 750
673 700
606 896
930 832
153 510
719 509
460 285
259 595
815 799
615 183
330 952
119 177
287 45
126 78
518 115
483 675
851 397
192 621
387 774
184 444
326 205
508 160
228 944
113 758
348 46
720 192
360 918
223 538
878 33
58 944
970 22
26 76
618 751
719 347
684 643
623 782
323 304
744 973
942 394
286 282
473 199
307 705
129 466
702 799
335 867
819 548
780 200
229 899
641 617
278 878
304 526
586 644
913 940
604 268
40 257
869 675
85 639
418 737
769 195
586 328
183 772
858 747
986 164
468 101
6 681
623 709
499 683
443 513
672 397
113 743
483 239
747 688
912 620
772 454
346 13
53 740
237 961
409 950
766 144
564 281
339 784
445 200
823 886
539 988
349 416
474 11
152 12
642 89
521 619
909 309
695 825
737 338
738 577
301 533
788 356
172 356
330 878
209 693
686 808
874 164
930 432
668 465
118 91
200 598
482 484
856 353
956 793
483 929
267 529
966 768
95 457
61 530
186 637
737 908
982 445
872 251
937 32
883 660
450 997
216 452
93 734
103 256
624 931
479 211
690 193
740 274
257 181
93 948
94 954
659 463
439 526
665 306
639 76
238 368
646 499
70 438
798 93
388 572
125 889
150 295
963 895
153 615
18 846
454 693
489 369
599 588
678 56
496 211
383 784
971 331
820 492
534 563
372 10
383 772
929 569
435 860
943 555
974 249
117 383
661 33
18 533
428 477
682 613
223 323
25 367
163 567
711 52
99 137
496 872
480 457
162 614
900 288
463 587
923 944
520 412
334 563
124 475
972 140
621 459
178 195
593 652
405 720
158 116
13 840
615 785
883 55
40 264
597 782
251 16
404 729
717 1
5 432
695 499
417 356
572 614
728 925
36 363
468 95
726 187
667 339
381 861
891 699
87 864
582 72
554 678
210 539
333 261
614 395
290 878
856 336
291 461
758 62
815 234
818 400
290 371
445 613
470 642
872 354
493 624
633 853
736 792
623 497
762 960
879 565
593 933
295 336
922 457
171 136
519 52
97 672
624 240
115 637
431 539
572 252
557 588
830 766
176 302
800 814
202 726
35 634
526 254
982 367
231 430
452 667
824 329
943 204
374 290
747 797
332 642
428 782
730 759
662 519
338 448
815 282
347 17
886 112
314 817
158 77
550 20
178 593
196 131
678 859
611 977
872 874
946 585
747 356
132 464
789 720
219 298
454 123
884 324
624 356
261 149
669 212
335 169
248 676
997 422
857 835
140 383
550 43
101 800
453 727
632 452
250 281
282 106
322 40
227 481
558 487
413 407
774 31
747 909
831 789
114 131
958 865
963 688
161 838
522 520
290 709
588 90
681 159
782 613
153 95
971 99
254 160
429 475
793 671
321 855
490 631
89 609
348 200
328 764
399 898
129 512
965 646
354 196
59 737
29 827
9 594
26 680
282 526
570 52
215 539
447 645
726 126
7 532
474 559
498 348
805 539
615 655
596 279
455 588
575 871
619 419
677 700
458 236
395 698
110 122
96 415
597 9
887 568
811 158
871 536
773 350
793 416
547 316
872 631
714 18
773 826
809 910
354 407
290 469
300 399
876 919
728 449
188 376
688 243
141 934
878 772
901 232
403 28
616 728
68 346
896 78
647 230
824 123
674 804
996 409
888 119
258 45
580 383
865 281
637 296
14 394
42 469
142 575
641 219
138 503
105 146
745 64
615 76
323 641
907 908
40 615
684 357
904 100
856 942
822 510
703 553
27 347
800 918
468 577
537 474
601 439
319 35
404 398
637 905
585 526
143 541
320 227
710 277
126 71
443 326
809 755
9 500
807 804
893 806
289 169
704 232
249 805
245 103
793 944
523 572
757 977
57 188
524 192
641 89
453 99
110 730
221 627
750 262
772 335
342 609
737 539
875 883
311 9
18 878
529 173
633 198
290 186
497 770
378 116
750 902
69 55
737 162
481 877
185 737
196 850
614 23
410 596
364 0
897 545
976 746
135 434
454 516
470 463
848 256
772 629
865 809
868 478
84 431
503 615
196 935
315 12
90 214
428 406
945 270
369 421
427 393
487 583
423 176
936 627
940 70
693 175
858 568
719 545
290 703
158 992
671 603
19 707
778 660
127 325
478 921
861 615
221 954
180 94
147 466
770 927
714 989
212 916
987 936
375 326
219 664
147 944
382 863
752 90
724 381
492 870
407 804
920 403
902 494
701 61
226 103
959 407
588 35
19 861
750 64
748 984
963 926
246 633
446 843
67 221
668 425
247 695
507 456
73 24
952 118
808 72
23 184
699 912
880 363
192 183
970 626
69 777
379 906
859 50
906 938
563 420
862 37
802 488
258 725
145 212
206 837
526 188
210 341
621 505
708 89
414 646
523 41
272 110
179 953
462 46
208 213
505 201
541 834
684 258
383 314
352 248
88 872
574 463
944 813
773 938
696 469
903 899
991 650
481 437
714 511
531 330
765 240
656 266
163 237
975 106
670 46
273 766
772 700
878 499
546 515
225 977
79 38
356 366
584 439
81 652
872 981
120 844
694 325
453 995
731 0
158 130
0 317
312 290
474 648
491 625
293 241
568 735
74 684
541 523
930 988
1 266
772 306
60 551
307 876
507 363
517 351
51 443
401 497
70 18
965 382
939 217
154 87
368 601
615 433
936 304
889 747
637 182
537 861
164 716
701 439
121 212
650 288
333 252
186 681
441 970
228 253
23 128
694 532
400 198
2 782
757 833
752 607
614 548
337 316
48 429
700 856
968 658
76 796
739 893
750 378
232 579
750 978
736 218
419 720
186 197
658 349
141 284
940 426
257 97
157 951
550 763
460 760
358 211
964 35
283 274
290 519
323 772
527 447
228 781
999 332
706 733
713 25
42 504
772 944
903 23
3 331
654 445
177 882
700 997
454 862
510 179
866 116
361 909
597 556
79 799
871 649
545 612
852 104
632 44
618 692
529 366
389 4
540 960
290 346
158 242
657 34
255 801
306 270
232 75
626 549
785 370
409 891
928 12
581 936
340 263
935 578
985 378
842 700
879 980
756 758
791 909
297 839
611 346
364 540
836 361
566 672
72 345
706 394
576 498
126 135
208 453
104 382
86 90
86 924
474 806
383 411
879 254
355 239
396 736
640 980
475 111
767 602
712 857
144 174
170 110
663 652
390 52
586 774
740 868
45 30
380 766
528 999
973 270
819 8
719 397
110 537
170 324
378 78
979 447
991 194
169 384
257 653
628 312
815 571
191 228
257 108
139 333
923 385
759 771
432 542
398 622
392 199
638 772
476 463
583 971
795 432
198 271
955 774
876 639
47 98
591 685
907 787
109 279
618 222
660 359
310 799
274 857
684 679
343 844
936 492
881 781
657 499
748 300
472 372
801 115
626 402
517 499
932 55
800 589
495 4
537 435
260 300
227 176
18 845
885 782
35 323
810 308
722 291
710 615
749 912
809 132
29 529
610 177
398 776
408 145
662 107
258 282
695 373
439 647
506 385
515 265
80 907
203 798
491 256
662 758
619 344
334 890
865 782
507 556
49 677
102 348
519 573
650 76
766 211
685 595
393 495
396 662
330 82
305 785
790 653
840 697
15 319
349 636
883 161
358 244
160 786
206 605
496 337
475 565
543 119
190 909
723 614
691 655
