500 499
91 49
470 192
137 364
464 26
137 407
479 254
1 497
225 291
203 432
301 120
180 404
106 182
384 50
150 247
125 216
367 357
321 411
406 453
406 11
136 213
290 341
385 356
155 419
296 140
212 187
203 278
362 285
339 5
485 432
448 460
265 130
295 377
21 455
58 288
316 349
44 467
30 264
178 257
452 113
489 260
355 126
218 330
68 63
324 251
40 446
454 194
407 379
80 184
444 203
178 164
204 44
276 210
247 409
277 176
138 149
324 22
447 332
207 15
46 287
328 259
35 445
212 56
279 336
496 57
94 267
496 45
72 256
78 434
286 440
421 31
215 23
489 270
294 182
477 415
302 269
476 316
206 449
373 436
165 184
484 365
197 247
317 150
73 345
318 60
215 374
394 348
290 495
496 358
382 424
262 125
107 493
239 492
374 330
141 424
196 493
405 134
101 25
76 104
331 286
279 496
282 212
343 166
84 379
68 26
380 284
326 408
274 470
28 236
112 303
210 125
359 479
456 298
339 202
271 150
207 196
172 132
312 490
389 381
105 465
295 39
406 416
457 163
286 96
265 279
321 240
171 124
231 314
168 422
167 372
280 322
228 318
364 423
465 167
334 197
217 174
156 60
328 138
411 198
447 338
211 375
258 171
61 374
276 468
257 357
477 176
11 392
277 253
351 474
167 309
467 121
351 421
464 19
326 480
176 344
335 495
391 178
420 71
242 233
184 463
186 79
125 410
348 103
484 494
34 246
101 128
407 241
333 406
37 58
344 201
230 95
14 56
28 118
129 331
385 134
294 123
252 42
273 409
417 445
152 143
494 82
447 462
253 497
78 350
46 77
172 384
476 238
406 289
400 55
149 193
442 483
249 226
16 65
409 364
86 172
444 117
409 380
278 365
134 316
201 412
227 499
355 49
302 202
170 282
172 273
195 304
414 499
438 451
207 382
6 276
32 258
47 85
431 363
4 473
492 153
278 108
348 161
351 194
24 381
483 438
387 126
138 159
198 48
472 320
327 46
207 76
382 237
124 487
232 408
33 376
21 78
362 68
257 149
138 465
125 53
364 290
281 184
280 409
423 413
427 137
429 250
200 38
133 152
365 90
148 315
331 492
23 47
453 378
478 131
388 260
272 366
148 279
264 17
272 65
0 276
480 249
288 73
52 83
101 228
423 28
308 328
172 351
359 151
296 361
28 243
263 491
319 115
220 423
95 267
50 158
144 111
264 37
297 411
7 90
224 486
73 450
443 43
83 452
368 332
152 138
62 89
439 418
255 305
122 203
300 214
364 439
197 431
295 187
428 429
21 256
148 401
290 177
183 285
149 58
149 137
352 318
195 313
331 475
46 382
256 188
134 261
420 54
396 27
473 384
466 191
28 348
406 446
221 360
469 105
471 430
100 489
321 402
146 30
431 268
333 374
340 40
36 276
195 149
390 5
169 409
443 441
384 397
276 393
51 217
302 481
339 461
75 212
202 437
34 256
157 8
482 458
301 229
172 202
437 223
116 385
197 125
370 164
186 41
230 428
382 217
189 298
139 115
302 306
235 104
477 155
465 131
97 126
145 226
214 231
273 209
166 288
432 499
475 385
178 320
202 24
398 98
280 27
142 226
311 118
228 93
456 175
405 369
406 173
55 363
58 489
248 350
205 446
69 272
118 12
199 206
399 194
398 423
74 83
83 140
221 382
425 293
215 18
70 489
283 288
452 306
307 301
376 465
335 275
278 64
208 243
56 247
403 456
398 59
125 10
15 138
318 179
248 498
376 234
181 328
406 41
479 273
355 176
421 224
362 228
490 383
288 404
422 357
266 418
301 288
466 99
471 118
8 289
278 457
459 176
52 244
102 276
460 29
354 365
110 342
247 488
228 21
447 302
423 438
251 137
457 353
54 147
169 92
23 420
144 16
479 89
192 21
143 445
58 395
172 13
448 28
280 310
292 65
468 114
162 272
281 441
178 136
44 59
137 67
203 175
160 337
87 2
405 458
222 211
38 306
386 220
115 449
456 245
423 443
168 20
391 299
480 137
383 280
362 88
66 237
291 208
202 198
263 452
453 81
477 374
3 112
278 280
322 191
267 154
137 373
279 280
252 308
202 119
211 269
396 9
329 195
323 108
337 432
87 155
155 364
433 484
60 346
428 109
425 384
138 331
124 196
242 355
58 135
220 127
426 283
219 78
342 469
68 347
214 224
371 337
134 305
409 272
166 185
112 381
294 398
376 325
190 435
294 435
273 115
228 409
95 207
