100 99
72 98
73 15
34 12
39 81
21 5
46 92
79 64
51 23
10 62
95 96
55 37
10 88
99 31
67 78
52 44
71 1
23 27
85 36
51 11
66 70
90 50
53 74
83 36
14 97
9 2
49 89
59 94
73 24
2 44
28 45
21 81
49 13
6 66
82 16
30 20
61 47
17 6
8 76
75 94
22 0
68 46
95 24
65 99
89 41
57 56
32 64
34 19
61 43
68 20
22 85
41 84
32 65
87 96
33 28
8 54
59 93
60 52
93 29
80 78
47 67
70 18
33 71
25 86
13 50
63 43
35 29
42 48
55 5
84 98
0 75
1 91
17 63
37 79
72 69
54 19
97 11
38 42
9 40
88 27
86 83
39 12
76 4
3 58
7 77
31 26
80 87
69 25
16 7
18 82
53 56
90 92
60 15
74 48
38 14
62 91
40 35
77 4
30 57
26 3
