5000 4999
157 3342
3160 2651
485 756
2338 30
3335 1581
3655 3036
1719 1853
1773 893
2286 3824
2168 3421
1727 1479
4706 1267
929 1543
559 4938
3585 4869
1652 2281
508 3652
388 918
4356 2459
2497 3597
4291 1931
508 1354
2354 547
3055 4936
4740 1516
663 229
2626 3307
1307 3268
4712 1733
4476 4446
3713 1643
2870 542
4167 3505
4860 3852
2524 2850
2935 4539
2122 2415
2695 809
1337 1839
3686 4170
4716 1126
1776 2520
367 402
724 3502
2972 2837
588 4304
3659 4114
2279 4697
4037 3416
930 818
1026 4997
891 3927
1504 1100
1627 804
1041 3155
4190 4028
211 1392
2677 2155
167 3783
3695 790
3750 3166
4108 4963
4025 3361
1253 3966
3302 1391
246 2110
1186 1674
4071 3862
2896 1645
4419 1195
3306 3259
3731 961
1600 4195
3014 948
931 3071
2899 4050
192 2973
2672 624
2819 4658
1311 3009
1367 2503
4836 4366
3846 3264
4292 1527
4069 1949
1218 4654
511 2384
4063 4622
400 1346
290 4256
3834 3346
3399 4802
612 2612
4136 2314
4576 3367
3005 4717
4584 4328
4470 1924
4072 1898
912 2186
4489 4905
2097 3370
2353 3074
3518 849
4556 3586
2249 403
1263 77
63 4284
1292 2996
1984 4567
2488 3373
3908 666
1158 1648
1880 4254
132 309
1425 2686
2187 3427
4969 3662
3737 1094
3743 2905
1107 1377
54 2545
4991 736
2537 157
1899 1626
4372 4100
3096 531
2995 4644
4888 3565
3699 206
3963 801
1688 3056
2883 90
904 3337
4827 3069
2576 2248
3734 3137
3434 565
4612 3627
3786 3454
3327 1953
2599 3824
2810 147
1974 3681
1242 1580
566 903
2954 2601
331 2422
4540 711
2590 1653
3216 1209
2723 4579
4148 983
357 1605
359 1359
3790 123
2337 763
2931 3823
285 4233
465 4867
250 1190
440 1089
4315 4295
3782 325
2868 1201
395 3283
893 3135
184 4588
1759 863
302 1622
2034 2338
454 3258
1882 4528
3148 2764
1117 2909
3290 3251
1872 3398
3033 3820
529 3365
3174 2098
187 4881
997 2514
487 4563
28 672
369 1038
3707 329
341 3800
2695 1363
2060 3631
3240 4105
4519 4948
707 833
3754 3016
1510 3054
2237 1236
2689 581
2208 1634
1429 162
867 669
3407 1000
712 3824
2170 2681
4433 2961
887 2985
4000 4581
0 2262
4122 2049
4259 1441
584 4831
261 49
3949 3256
2743 349
3442 2866
2890 2010
3559 902
1073 4350
1588 3760
4289 4804
335 3728
4504 235
3439 1019
4826 4166
1206 2673
1118 2855
4626 3441
32 2280
2575 1325
414 351
4421 322
797 785
3994 2890
1820 4248
319 1925
469 3095
2797 1435
1667 3309
279 3196
3605 1647
4072 4108
3961 739
683 4506
2516 4295
4518 3295
4904 2831
2031 178
3552 3309
2832 1891
3134 4997
3678 3312
1410 3983
2045 1857
939 3092
1383 4368
3973 1001
3385 189
2724 3794
4430 1829
3064 3301
2095 3082
1438 4377
2195 3159
2143 155
1612 4356
2956 3218
3770 3793
2501 3938
3947 1243
2304 1176
2733 1527
2372 3251
1844 4593
3239 1066
3878 104
2527 1564
367 3082
1447 4896
1928 3270
2821 3777
4339 3231
3951 1789
312 3702
2777 3797
3685 4338
1676 2474
3087 2982
2787 4554
3284 2523
1290 3518
376 58
2234 1353
4214 2849
2468 1803
1459 247
4639 2831
4606 1935
2225 2685
3213 1465
2529 4459
717 3117
262 1944
4238 599
2845 1160
4846 2568
3670 3820
702 4221
3616 929
3535 3113
320 284
2067 446
1987 4141
1680 469
1435 2540
1838 1423
1765 352
1022 2923
3964 1615
2025 883
2963 1890
1769 3757
2270 796
1504 2684
4966 1260
4287 321
3364 2630
3069 4039
3989 1962
3650 4710
4391 3212
4404 4013
4290 315
4843 3832
645 203
1686 4680
262 4842
4478 2424
1318 1496
1848 4215
1277 1734
2629 2781
2865 233
4955 4455
926 2363
86 3758
4780 3254
3708 2380
3495 760
4034 3827
3824 4551
146 4454
3523 375
4622 3856
4002 857
564 1478
1213 4825
1632 4935
2669 3284
4065 3198
730 946
1868 3824
4500 1543
753 4423
759 3799
1675 1815
2364 3824
1306 4058
4672 4728
3157 2785
2745 70
3876 777
1258 2227
1727 3128
1256 1695
1417 2453
4876 2744
4708 3231
4607 1993
3530 3388
1049 4944
4187 3147
1217 341
93 4155
4674 2605
179 1387
1681 439
3637 456
2976 3302
3672 2975
2399 4795
2141 1393
2307 3803
1759 752
2382 4769
2427 1737
1675 2540
656 3293
4229 3153
932 3787
466 4360
2126 2292
4419 14
973 2469
4411 2614
268 3127
3810 2473
2975 4435
3677 1202
2166 4096
461 1677
3311 4452
1624 4720
4375 3220
4516 643
1004 1550
3159 4961
670 2959
959 2676
3252 3181
2603 392
306 4882
1396 4136
2700 3533
1134 2261
1205 2813
4553 253
3929 2055
2954 3742
457 4059
337 762
4733 2904
3824 504
1204 768
3450 2064
1195 4606
4770 240
4277 1259
1477 516
115 4632
2756 78
2782 2055
2857 265
1821 2438
519 2071
2015 3063
2828 4233
3920 4383
3465 4271
1327 1400
1557 2268
1207 447
281 4699
4998 4164
4647 234
3426 3423
2428 428
1678 835
3999 1143
969 133
4910 45
4547 2953
4822 1152
1003 1035
3547 4322
474 720
3492 4789
2457 4432
4203 4517
3245 1081
121 3075
4083 4016
3345 494
4970 3700
1597 4382
3498 2901
1384 602
3699 888
1794 3422
2115 1349
3384 2319
4520 4599
1274 1947
3855 881
1362 3285
4655 1984
1071 4801
1850 817
4768 3079
4891 855
4611 1335
3418 59
3824 2665
2798 3087
2063 3188
1084 1483
3808 2237
4006 3701
3721 4033
894 1354
3484 4047
855 372
815 3489
1125 4083
4429 4031
2561 3192
1308 1037
685 4551
3606 695
857 455
3102 4895
4398 3629
3744 2554
239 348
2424 2533
3438 4382
3984 1801
2620 4034
915 4952
4975 3866
231 2631
2378 2828
4755 2316
2254 4858
1254 399
1594 2656
3664 2371
3221 2844
4651 3032
1770 404
1524 364
1012 3001
2577 3568
2419 4566
4319 4095
3674 3751
3349 1299
377 4734
4773 1849
4119 1005
119 2986
1777 190
2577 3841
4247 4611
1484 1569
16 1658
1717 2358
605 1376
3260 1526
2926 1319
1920 1211
3644 239
4510 811
3683 1390
2574 683
2464 3753
3060 985
4843 2583
3008 3057
760 1684
4346 4654
4641 2241
2594 1982
4838 4851
3139 2892
2726 435
2010 4445
4824 4575
2116 4907
4384 777
1328 4471
3954 3197
321 3725
3608 991
4022 665
1367 2821
1329 943
1494 4722
3338 1840
2207 1859
3540 171
4325 1148
608 4910
2836 103
2508 1972
1469 356
243 4252
3815 468
1955 4514
2208 3928
2174 1000
293 4893
1058 3383
865 2047
2142 3600
3031 4918
2609 4448
3067 1659
4967 1654
833 4031
1531 4285
844 1593
928 1629
1015 73
4169 3719
4112 302
948 526
4707 3638
3574 3298
1469 1068
3625 4648
1779 4234
543 2670
3988 3807
2639 1462
361 4215
1968 2370
4736 3249
4431 1690
2632 196
2260 696
2674 33
2668 4226
4890 3706
3344 1230
3099 3086
4818 1516
2570 4862
1366 4931
4102 3027
4984 4498
799 2197
3224 4725
4357 4429
2946 4134
4928 4666
2716 3034
3714 3446
2097 10
1913 1835
38 4293
1311 2303
4473 3344
4331 2994
232 3712
3434 3739
4132 1920
2741 3450
362 4465
2300 2251
2978 1908
4560 1966
1983 3100
3942 3291
4476 3756
203 2142
1741 3172
635 3149
2737 4978
2152 4757
3870 2411
444 1266
2559 4458
1452 1933
311 1767
4038 840
1784 4152
1006 152
3918 3999
2780 2051
780 4360
687 4884
4794 1360
4327 3235
1895 1871
2356 1731
2711 2191
4725 3584
2227 1101
4497 2312
1044 3781
1659 4555
3472 1597
3543 113
4447 1136
1732 1751
2923 4992
4646 1249
1719 2348
2760 79
2085 2119
1744 3979
1672 1657
4630 1861
263 580
2145 222
3004 911
3553 1234
3824 2023
3861 1700
3203 3659
4409 3507
1185 1031
2882 1109
1215 2598
1039 2628
300 333
1868 1163
1694 368
4968 910
2751 3976
127 2093
1455 1224
4819 4255
2939 445
4582 3524
40 3926
2618 2223
13 1579
1396 2064
3235 2727
523 4245
81 333
3216 383
4242 4532
631 1021
2530 992
4040 3171
460 3593
4779 1031
682 1487
3816 4027
3007 3668
1694 3101
577 4835
4343 4576
3673 2224
1525 4367
814 969
4147 3984
2231 864
673 1040
1321 2648
2972 774
1590 1277
339 3473
3724 390
4212 371
834 3237
3299 2443
2360 2077
779 4010
853 3289
2437 1786
2935 3047
4837 1421
4818 4197
3749 2856
1327 4282
987 3477
3422 3813
1480 1391
875 1907
4461 2711
3771 4166
3988 3932
3476 1904
1708 1970
1045 2417
4535 2600
1520 4137
4131 705
1014 1544
3615 4211
4091 69
3088 4949
4883 1002
2158 2119
3337 687
3258 823
3571 4330
1288 3608
4361 210
2165 3824
976 2465
9 3263
2205 1624
1886 4836
4959 3145
3882 3541
1874 4302
3956 1988
1683 965
2966 1642
658 3661
252 1051
3180 3169
4150 3768
164 4773
63 282
2739 1700
153 3991
109 771
2500 1
57 3058
1973 1793
355 3377
3480 3241
2062 686
4774 2557
2754 827
2049 698
3665 2662
1817 245
234 3491
3922 436
3070 2731
1949 1919
1055 1979
1018 3097
1911 2439
4114 4687
3635 1788
1699 3924
4124 3802
625 2336
3542 2943
619 3784
3103 3843
3833 3746
3698 1861
2735 574
3019 1678
3237 1456
5 4036
962 3030
2118 1833
3460 2138
3775 4631
2612 2169
3980 4781
3939 1209
122 2145
398 1476
4339 1959
1524 3318
4048 1246
4077 1710
4159 1781
700 1626
2984 4595
4393 3389
2310 4449
4645 2548
3551 945
2557 4570
4464 4204
3041 3212
527 2133
671 1578
4075 4116
1440 3345
2085 2285
150 2154
1607 1142
4495 1763
308 2103
3557 3864
1164 1528
2452 3609
84 150
59 2278
1903 2059
4990 1214
177 4379
4513 4473
4156 4982
3824 1548
1403 1433
1828 2536
4903 4092
3147 4397
2573 911
4436 2531
744 2309
4721 1893
1291 3959
4875 4073
3491 3521
577 2375
570 2505
1681 2402
3783 743
3193 2118
4718 4822
4564 3221
3544 3378
430 73
2051 3029
484 4999
1848 1982
847 1771
4916 922
2497 3150
1301 1111
3317 1906
370 3824
3572 2664
2702 4665
4174 1797
2492 3870
4682 1335
1088 1636
2090 2669
933 1463
2250 1297
4216 967
866 4663
2930 291
4032 989
220 1130
1823 1965
3120 4578
642 4797
3315 1619
3639 2139
967 1159
165 4007
4237 1903
1934 890
3228 2066
3835 1583
3824 3732
4094 3638
3428 44
4548 76
3979 1229
2807 4686
2146 2651
756 2704
2690 4154
248 1289
542 2924
3286 2602
3935 1520
2073 1430
4483 4930
1650 1135
4401 3800
2425 635
3982 2747
3294 4521
4579 1508
740 23
20 1474
731 4385
2771 4110
592 1529
4375 2150
861 4144
3627 1640
1546 3039
222 159
1041 1069
1208 4585
4945 19
4904 704
1235 4598
4426 3335
4263 3960
2157 4659
101 2299
4813 1582
879 2761
3015 2478
1692 4076
811 3329
3330 2595
4238 2644
4995 3037
906 446
1941 2292
120 4326
2471 1190
1699 3824
3324 2146
2894 3035
4012 3730
2636 4054
2551 2722
2365 4417
3486 2633
1388 1850
4310 1969
1379 2035
4752 3915
4196 1937
1440 4857
2863 2306
1030 188
2583 4864
4852 498
2938 4478
1629 1980
2420 3998
3804 3992
2698 1628
1738 2504
2297 284
2415 3112
2376 2862
1774 2899
1893 4101
3271 304
2912 2799
4493 1584
4544 3348
115 501
4911 3969
3864 2933
2985 3081
4834 503
4289 1316
1781 3222
1308 2725
2484 4283
1496 794
1939 2654
4392 4482
2033 4021
2699 3501
4923 4183
3875 185
2915 735
4815 2748
3943 964
3248 2978
3736 1189
2528 3397
3974 4178
1756 1050
2742 1414
1742 1260
2997 2805
1395 762
2758 1598
3096 4687
3393 1930
3272 272
3141 1723
3183 3176
160 2591
659 522
2240 1449
563 1863
1265 1669
128 936
4934 4632
3161 761
1222 2156
2811 2516
3810 4848
3824 809
4854 3370
1589 2528
191 3574
581 3697
647 1562
2839 2256
1077 4230
4920 1340
2743 2710
3868 3314
3460 992
3655 2797
1535 4941
3504 4894
2174 343
2321 3893
2893 198
3066 2977
3903 2645
358 4071
4316 3871
614 778
803 2046
1969 1151
4282 4816
1127 3042
2149 950
2059 4644
3556 1929
1023 753
757 681
1999 3505
4147 940
1450 49
685 296
3614 2368
4314 3834
4705 298
711 856
3730 688
611 4213
2862 3705
4604 1444
3271 4214
1552 2283
1280 4545
4028 1799
4946 1139
970 3533
674 1016
1426 2121
4710 3904
4808 4378
2306 3381
3887 4413
4188 2160
699 478
169 2854
4406 2789
4958 1945
532 731
4704 2702
885 1594
859 2332
3824 2834
3695 787
3314 3579
536 1217
1938 4001
2046 2289
2909 4917
3263 1534
3500 4496
4036 457
3824 4817
959 107
2140 3162
4113 4197
2068 1178
1864 4918
727 630
4126 439
3104 1512
2491 3336
4776 2969
4595 554
3664 2967
4314 3589
3643 3746
4567 2936
206 637
1909 3895
3565 241
1869 3548
1770 1436
3572 2463
2549 4727
4455 1734
3398 3993
3234 3404
3724 600
4666 1709
2719 3831
1219 4889
2949 2340
2906 4394
626 1879
52 2965
1409 2429
1269 362
1251 698
3563 901
3043 4474
3731 2331
4400 3839
4572 3117
4250 3983
3607 256
4766 1076
3762 3738
1046 1371
3296 125
3932 4373
974 2810
3350 1825
4014 1370
318 3346
2884 4045
4888 3773
1498 3824
4516 350
1122 721
4865 1613
240 4132
2391 2532
1921 3961
2121 808
2907 3266
518 4754
3494 3578
2816 2477
1320 3052
1110 4959
2092 3478
1957 2585
4702 2479
703 1487
749 3613
2457 1119
55 3067
4049 310
2352 2101
2995 3381
438 4814
4564 2601
336 4924
4128 4534
2470 3706
971 3279
405 4973
3509 92
4566 637
1896 3313
938 2012
93 2595
138 1698
3824 4596
582 3321
862 3038
4658 641
2199 1625
211 2630
1439 1644
1672 1865
1425 1491
4007 4076
842 4243
2937 3037
3515 3733
913 3881
3466 2738
4344 2866
566 4423
1315 781
4630 2639
686 2656
632 856
1725 4830
3892 4695
4705 2667
996 1394
4790 1242
1616 3463
3105 2676
4860 4200
6 816
912 3740
434 816
472 4104
572 1815
2970 3382
4863 2928
4099 1358
3811 2013
3885 3400
2466 776
511 3822
1995 24
2824 1357
4182 4736
4353 3023
3696 1264
151 3667
4457 4352
1835 4887
78 2594
4474 1196
3362 3480
775 380
3918 932
1231 2067
3209 3246
530 1827
2448 1036
2065 170
4726 4135
4329 2403
4589 1185
3562 3755
3073 3641
1408 2
1674 4222
4105 2900
4258 1282
2879 3063
4760 3736
2446 4884
4800 965
1074 3527
4361 2827
4427 941
1383 2052
4685 1569
2793 1373
4510 806
4548 2234
2949 3164
3336 2955
4926 934
4683 2405
2112 4329
1009 3709
2918 2481
3666 749
722 2650
1232 1986
3665 1880
3424 1291
3098 2201
3397 2034
565 3824
216 3759
3409 4796
1153 1385
1397 311
3714 1239
3311 3726
3246 3535
3691 2362
2517 2079
4955 3349
1304 1358
1712 220
1024 4101
3118 1965
4006 2997
3304 2435
327 1427
4336 4771
2691 3189
1836 3241
1451 3236
2230 2787
4902 1040
3805 4070
2068 95
1558 4168
4536 4472
1026 2203
1162 1577
417 2580
4372 3626
2765 1791
1492 1095
4040 3371
3254 1431
1677 2447
2232 2233
4613 4827
822 1227
3315 467
3341 3229
714 4794
2469 914
2977 3995
1501 4150
4139 4940
4783 4914
515 539
3308 1501
450 4246
2246 4017
3620 2375
4080 3363
2667 192
1442 2934
1412 2880
4808 676
2613 2953
634 1957
604 1049
3250 3618
1714 4394
3824 50
978 3247
3925 2329
353 761
3824 3304
4322 3691
3443 3456
337 3391
4804 3325
820 3095
1537 1446
2663 2836
1443 3853
4751 185
3259 3852
1216 336
1418 1745
2770 289
629 4751
843 2841
2519 1187
1867 249
2980 2154
4323 1455
3894 1953
2608 503
172 4586
342 4267
716 2168
3526 1918
1486 1123
660 720
3917 1303
2195 2381
2479 1404
409 3461
2718 4251
679 297
54 431
491 1261
633 4043
3824 1205
1819 424
1620 3333
3538 246
782 3641
3907 41
3334 3403
3526 914
1103 278
602 1559
3197 4030
3920 3447
4941 449
3445 2708
3568 4829
4173 273
403 2898
4336 404
445 1223
1652 2401
2906 3125
734 3353
1605 2712
3474 322
2507 2080
236 3152
3585 2625
1592 576
1066 1657
769 4610
1111 651
4831 4278
2776 4937
4742 275
2661 120
4122 1726
258 697
431 3410
1637 1875
1590 1747
4980 358
156 971
681 2558
4549 861
2211 3829
2434 1688
2259 1226
458 4675
706 4740
3529 3842
3243 2806
1235 251
4788 2053
2350 3941
3997 1902
3806 3569
4662 2173
553 2343
2366 1460
2027 4003
4179 3369
830 1739
1201 1643
412 3931
1873 4121
4063 260
2852 2178
1979 2082
1537 2657
47 2569
4168 3914
3323 1716
1976 3923
1731 4286
4143 4925
3348 247
717 956
2764 1305
1288 1179
4950 2532
3072 4909
4192 4713
2456 3406
4719 4694
2990 2417
828 2169
1795 2734
3630 2005
3552 810
4364 1001
700 69
3219 3057
3395 2509
4735 1820
1363 1495
2216 1990
1182 3593
2386 620
3468 4211
3828 4460
2872 4089
2610 3710
3170 2842
447 841
4919 3775
227 1488
1993 1289
483 954
536 2139
363 477
343 1232
3537 384
1343 2628
4646 4929
1171 704
440 2229
636 1127
3649 3326
1513 1896
2867 4767
4512 1771
2389 1231
3824 2072
4505 2488
1843 4424
3550 3741
1503 1554
3797 4266
11 2682
3168 173
2807 4663
648 4810
3457 3765
4062 726
2809 3497
3687 3556
2093 3946
1502 667
4792 2776
4964 4321
4267 2401
1901 2241
2919 3439
898 35
2233 2547
2247 4573
2489 4070
3737 4196
2379 926
2091 114
1632 3380
1007 3877
1529 562
1300 179
3824 3091
2091 2407
606 3364
3701 209
4799 869
813 1603
3266 1707
4454 2182
1616 4348
2513 2786
2830 3352
4761 3694
2941 2981
2218 4446
4156 514
1259 1056
415 3842
3824 4805
4968 1898
2530 1660
2521 4024
1411 1464
2607 4662
4963 595
1822 1565
3623 1776
2571 517
1070 4334
2475 1701
4206 902
3331 4318
3612 193
2808 714
517 1870
1368 4643
3594 1622
1526 202
2597 4422
3316 4989
1306 4803
4086 1302
1651 4303
860 1141
4542 2422
621 3137
709 2350
2022 1989
2305 155
224 3158
873 2941
2756 4696
3824 3217
2963 2952
4746 3543
2124 3433
259 4317
462 1539
4305 1489
2436 3824
235 3003
4651 2418
745 1341
1961 3674
4549 1467
4879 3739
2214 4020
4224 747
4749 2989
1413 1460
4245 4821
2281 2220
181 1691
561 1853
2911 1971
51 3821
2040 3405
2147 3756
3759 2819
67 2236
958 502
963 6
616 4771
4546 2755
3220 3474
539 3602
1749 2922
2328 1419
4422 4183
3205 188
868 3680
2539 1874
191 678
1121 2286
896 2330
1545 3287
3178 1493
2447 3675
3155 901
1708 2238
3274 2840
2334 2015
1981 1050
4562 4609
4700 3243
2871 2392
501 2379
1203 691
2885 2653
4953 2203
1054 2826
2801 1298
3830 4430
4488 3210
3830 2637
3821 3596
4320 1477
2285 140
420 1107
2253 3590
769 3696
3228 4814
2589 2617
900 2559
2151 187
2002 3294
287 1773
2665 505
1264 3690
3534 3178
3933 1168
3458 411
3003 1535
3022 2727
4700 2668
1750 131
2445 4373
1285 2717
4003 4915
4274 3735
3843 4569
4517 1894
465 4936
2578 416
2527 1792
1682 2178
90 1059
390 2649
3778 2209
3425 2837
1842 1559
158 1032
4050 4899
1276 3247
4229 1334
1768 1889
1825 4110
2384 4027
2541 4614
3874 866
1760 1485
522 4667
3010 1122
3327 1585
3053 2008
2060 3883
2134 497
2388 2293
338 3898
4433 1551
2860 4731
132 654
1507 999
1857 276
3839 1389
1560 3098
3547 1093
2707 2453
630 3298
1547 670
920 1665
649 165
124 4363
4508 872
3625 1844
669 1286
1994 2433
2212 1197
3853 3668
3786 4692
3885 4324
2356 2852
3824 4153
1518 1647
3021 4099
2590 1200
4186 4743
2766 3824
1074 1735
3307 2395
1570 2303
1946 2265
3146 2558
4898 860
2400 4170
1095 611
2897 4415
360 1567
1257 993
2596 4600
3597 378
3462 80
4868 2288
1379 1916
3356 4127
3008 4526
2327 496
2537 3796
3290 372
4313 4928
2769 9
1331 1063
2345 154
3995 4709
4754 4637
3576 4638
3881 3177
2806 1802
2556 4742
2420 313
1980 1290
4047 4657
1889 3676
4764 58
1223 4385
2525 1713
4406 2767
4833 2126
4030 4853
3628 541
1153 987
3658 4079
4693 1623
3347 1341
2035 1336
4617 3553
420 4775
800 657
2354 4620
3118 3874
194 1413
2326 4953
2911 3352
4541 48
1929 200
4350 89
1099 1112
4976 2296
2026 125
1131 4332
843 3045
4342 3753
4781 3265
1126 3861
3555 2699
3867 2604
2143 4791
3047 1754
3340 1116
4553 1689
4624 305
4169 2282
2349 3617
2895 3076
1359 4097
3061 2679
3438 230
3694 3419
1792 2079
1665 424
1566 2357
4615 3230
2200 4956
3288 3152
4628 964
1124 3213
216 1544
2960 3879
320 4437
1532 2008
2096 1541
2703 4972
4160 3654
3877 3075
3477 1509
1422 1966
178 248
3086 3210
3698 2784
3531 3987
1707 2036
690 4934
1744 2766
2196 4627
1173 255
197 2523
2967 924
2323 4878
4412 267
3340 2691
4330 3136
1042 2478
3524 3316
2740 3186
4418 1766
433 3413
4499 736
2485 4664
4985 2860
3132 1558
4090 1774
1946 2846
1619 1315
3038 2003
1950 15
3034 4207
4355 1275
1293 2641
3286 4
471 2908
4604 907
666 410
2948 1034
4310 1709
4341 2580
2042 4499
3322 3824
1840 2156
2476 3532
3539 3824
1113 4523
3601 4650
4995 3300
1368 57
4778 4045
1245 1695
4983 2506
4264 3605
1296 4126
3024 2715
4173 223
2563 1503
4849 2796
2881 1060
2223 221
280 1912
3046 2897
1958 1255
4811 4848
3906 3824
523 4727
487 4138
1427 2039
4832 4696
796 4285
559 3036
53 3040
1294 19
380 2802
106 2412
3373 3489
238 2757
639 100
1085 541
679 4947
2829 3116
4580 3429
1716 4369
652 3541
2277 4684
182 4268
1423 4978
908 474
2983 2247
3637 527
4615 376
1401 3880
947 4589
4571 2732
218 1702
819 3414
2177 106
550 4845
2902 853
174 1470
1473 184
2565 1028
1155 1654
3149 3794
4412 2683
3464 824
2738 2339
2529 1369
4257 1225
3362 199
4496 1556
1502 3722
3119 1877
332 869
193 454
600 407
1562 2864
4558 2817
1933 784
4269 276
1064 1037
2284 351
1328 437
4333 2952
4583 732
4152 2770
919 1607
2658 1492
2177 3143
1313 1976
149 4605
1183 1750
575 4402
4735 4750
2114 2341
650 2498
1356 172
1864 3242
3976 1752
607 3951
2792 4859
1926 2255
3280 1942
3176 1755
1705 570
851 792
1393 1726
803 579
3895 1048
1054 4981
94 1136
1471 552
3795 960
335 4403
4280 4969
204 1373
3264 4527
766 1101
3630 1285
968 4645
3163 1842
4037 2803
631 255
1394 2073
1830 4408
3201 3431
2616 210
804 478
18 4279
3532 3788
1365 3953
3653 4852
3529 2598
4262 2347
3778 4321
4442 4471
2931 25
2363 512
2313 2705
956 2358
1917 83
2624 4690
1018 2404
3967 4811
3225 3484
4908 3629
4005 4896
985 1113
3125 1630
655 3187
123 2300
2525 103
2353 840
993 1790
1006 4451
2044 819
750 2437
1450 3717
1702 4559
3934 3114
4434 649
3453 2608
3690 3234
1625 1212
4712 3428
4120 4052
3171 1641
3061 4440
3240 286
43 2264
4428 2378
2205 4311
2325 4523
1033 2510
2613 4057
3126 2471
4546 3837
2496 4714
1433 1465
4297 4631
1555 1010
3908 617
3588 1570
1740 1499
3801 4312
2272 3303
2783 3360
1119 567
3049 2206
3978 3343
814 621
4530 1275
3248 3044
1733 2795
3824 1028
1507 3517
1679 3059
1830 626
1881 1307
4568 3965
623 3716
4225 2895
2324 195
3869 1174
2102 1786
2572 3469
423 4484
3590 2346
4066 4115
1080 4222
2944 271
319 1876
960 3809
2151 266
3876 2191
1084 4218
1940 3200
4985 4142
1916 758
1108 3328
1409 4254
274 4660
1437 2193
417 3705
4426 4068
3969 3354
2752 1395
4205 4023
2219 1500
2556 2849
4830 2814
56 1663
4411 1767
3928 1866
3734 4602
3728 344
4149 3692
164 668
534 1846
2240 2030
831 3709
3812 1687
434 1200
1150 3824
453 2334
432 647
3452 1814
282 3471
4078 2844
733 4787
2006 2789
865 1082
4074 3078
2280 2566
354 340
2524 2643
2398 4779
4833 111
596 921
2188 4395
1878 2123
1955 4677
4370 4655
4186 3766
4165 2003
1995 3282
493 1495
379 2945
444 1228
2473 2697
1485 573
2050 4724
2778 1476
4954 4307
3068 3142
2768 3745
2581 1843
4926 2088
1787 186
39 3283
3262 2369
4565 4699
463 1458
2128 892
2458 4044
3288 2663
1199 145
1434 3604
4441 4044
189 4151
4844 4353
4635 3776
3462 4399
2493 2815
117 4347
4616 646
1877 3827
2726 4572
3628 2166
2432 2609
4161 40
4338 3831
2395 3219
4239 1715
4588 3936
3950 91
3640 1956
3049 2929
1157 1508
585 1281
2779 1885
836 142
4107 497
4835 878
555 3275
3333 3544
1730 3417
2625 1093
990 1764
2976 4298
4669 1587
1415 4048
3596 3519
2425 4371
1530 143
1357 4618
2108 4987
1992 549
3002 3058
2016 4199
4748 2859
4762 4125
43 4067
3822 4866
952 4109
2859 2295
4327 4191
4559 3190
3981 1169
4032 2392
2884 4301
3930 2602
3468 2707
3767 3583
2964 2440
1188 728
4571 3921
4396 2036
4061 3269
1082 2672
1758 4241
4605 356
2181 715
2273 2652
1749 2987
2842 837
4009 4584
1639 2940
2631 2835
1656 4075
1813 373
4088 953
807 2686
241 3201
838 2040
4900 4855
2063 943
1020 3567
4231 2592
2838 4325
3363 919
3784 4187
2131 673
2213 1438
2990 3105
2531 1279
548 2617
154 2616
3185 1772
3581 1552
1489 507
2298 1635
4989 4911
1334 2232
135 1407
4692 4184
4889 2094
3813 2255
4051 346
2271 2729
4146 2606
3601 3126
2893 365
2445 4069
4503 301
2730 3975
3613 1817
1206 2814
214 3443
4209 160
1483 2320
3133 2690
1819 3177
962 4600
1189 882
2757 3269
1644 3770
1847 4073
2544 4163
947 1170
4299 1086
61 3455
638 2582
4026 1553
2123 4916
1676 995
144 3165
4722 3292
4024 1685
3950 4112
108 2549
1748 2450
3848 4661
1698 2030
1332 4389
975 564
4224 4906
2432 546
3531 728
3250 2980
3132 4577
4029 2184
4636 2393
45 724
4414 521
1828 4038
1014 594
3420 4364
979 891
269 4272
1411 4838
2245 314
3806 2345
3497 839
537 2684
2377 1337
2084 2014
2736 794
2716 2679
738 2772
1736 288
4275 3717
4703 2117
3080 1058
1240 4924
2649 3582
2365 4302
3678 923
3824 156
2579 2916
392 1343
1144 4279
430 4580
4944 4456
3663 3365
4970 2515
4665 863
1960 3888
2021 1035
4093 2635
1145 102
3207 4608
1610 4539
4717 274
4791 4250
3278 2751
4270 1061
355 360
1431 4374
110 864
2376 2486
2874 4378
4387 1985
4309 3357
1183 2511
896 2428
684 2276
795 4642
2513 500
1981 2413
798 578
4668 2427
105 3993
2586 3425
2125 2115
3011 792
2359 4602
4925 2646
2514 1098
3804 3077
1808 3824
3537 2372
2509 3879
4283 3390
1331 1305
1608 1711
3584 4352
2759 3475
2493 2081
4193 892
4874 3716
4232 3130
4760 4388
2701 3090
4745 1416
4596 4442
680 2476
1057 3326
767 1172
34 3558
453 251
1339 3261
3636 1036
2465 317
2480 3911
751 3677
425 4500
3276 3011
1065 2647
2754 4115
4158 1812
130 1046
3997 806
4610 1720
3026 100
3262 1052
1164 2033
4578 1924
1098 1821
4508 3912
1330 98
4535 3733
249 2641
2788 3013
4711 3748
3833 4915
1683 4447
3437 3873
2418 1610
3835 4507
1856 2000
568 1801
139 4679
4983 697
1471 4268
2333 1457
3824 1983
2722 4326
2714 2436
3204 2736
1841 4809
1692 1826
2571 3071
4124 3791
4943 486
2873 3515
4328 3292
2642 862
395 3559
4942 1704
4623 3374
23 20
1673 4464
496 86
2291 984
3253 464
1125 1252
3372 292
1459 3844
4729 821
3162 2634
3987 294
3805 4247
3347 2740
1144 795
2867 4281
4371 3769
305 2795
1904 1642
3041 4930
1945 3448
1099 414
949 3029
3713 1932
1194 2659
4864 2587
3085 1913
4241 4253
3723 3946
3824 2228
2487 1417
2390 426
4017 2041
4619 4055
2184 759
1415 3452
4380 3890
1445 401
1474 3080
2670 2335
3320 2619
3166 473
3926 4659
3025 748
4042 2606
1421 787
4082 166
4716 3747
2948 4704
4737 4388
4986 96
674 2638
4332 1572
2282 4986
1599 1029
4161 2983
4933 1996
825 3910
4219 4583
2018 2486
709 473
34 2760
13 3144
793 3297
3012 278
4927 2409
2355 4493
2900 4581
3483 1303
2351 4208
4620 1374
735 3990
72 3779
1010 3022
2176 3760
966 3818
2380 1076
3154 2029
1839 1505
92 3277
1653 3569
1149 332
1005 3720
2619 3134
4158 4145
3616 2370
2880 2330
1060 636
552 270
4647 1915
3618 219
3896 2928
2231 3083
4095 3647
4276 3084
181 1671
958 1553
1270 4885
3291 1166
743 4261
754 4275
3633 781
1339 1048
481 3120
878 1447
4999 2804
4015 3501
2100 2226
4556 267
3503 2090
4849 4996
1952 3708
3752 4877
2561 3374
3028 3570
3595 4947
1009 363
2149 2889
1937 1210
4958 2120
1171 4287
1340 3850
3394 1813
4783 4737
1806 3965
2733 557
2723 215
3427 3376
3718 4923
3657 3875
116 8
983 554
928 2460
2822 3789
2352 3351
2127 1180
953 4182
409 2574
2758 2221
886 627
693 650
1282 4098
2057 3824
4627 899
520 3459
2604 561
543 3634
657 1914
1869 129
2137 829
4552 2888
633 2117
2287 634
4437 2295
421 4232
4118 2216
4228 4648
616 534
3267 312
1272 3604
694 229
4133 4340
2001 726
1326 4324
1429 161
1921 3404
3892 389
3824 3858
3687 2323
3785 2979
3062 3942
1591 746
2226 524
3145 1135
4498 1968
2541 3824
4676 1378
613 2181
4745 4778
989 1523
2134 4004
1546 988
391 3798
2919 2538
2153 4796
3588 3493
3671 3094
2961 4801
3849 306
3401 1743
3909 2135
4786 4533
3018 3102
506 4220
2264 3758
1729 2129
3361 1584
3838 3214
4785 1461
2875 1876
3188 640
344 1370
3621 3632
1361 1274
2383 957
2878 225
4974 3208
2269 3520
3173 1798
167 2974
3062 4522
1083 2925
1522 3850
782 4087
2920 2039
789 1897
4018 268
4525 2495
1646 800
1907 4743
221 4828
1345 98
3704 2696
1612 158
3055 3865
1129 3417
2029 1550
745 2136
1283 494
505 2674
2162 4538
4300 2822
824 3006
3119 2521
831 4443
495 3090
2197 3973
4785 3457
1755 4756
4758 163
751 3631
4376 4713
812 2959
1598 3579
2815 4638
3488 3411
773 76
2430 1202
3461 479
1151 3143
1129 3832
2720 455
2448 1604
951 1757
291 2322
727 4739
4381 327
882 4806
1352 3281
1514 2942
4939 1022
3196 747
4427 1106
3858 1549
2200 4509
764 1888
1 1062
788 1193
4643 4018
2124 2087
406 1301
1362 935
4420 2209
3948 1215
4744 4793
4148 3490
3393 4291
3846 2485
732 2922
4670 4359
3573 3609
2435 1434
2658 1265
1871 4684
2735 3139
4396 2302
4770 4657
4418 261
2850 3607
1673 2784
4416 1697
4111 935
885 2947
2503 2076
1146 1797
1470 2056
4432 2778
603 1313
2987 1428
850 1807
1985 1661
1272 2187
4022 2960
2635 3519
3445 4230
408 4153
4561 755
4103 4176
624 3372
1302 4059
2490 2016
4185 4139
990 3136
1446 1252
1752 4586
2887 1602
689 2101
2267 1671
3748 1923
1442 3230
2266 3803
2172 398
3121 702
2023 2551
544 4935
1706 3032
2621 4198
3771 4091
136 1155
2851 1310
1064 1746
4131 3992
3215 17
4569 3940
2215 4488
3808 4459
4482 661
331 438
3444 1097
141 1542
1454 4390
2288 3522
4180 1462
3244 35
316 2399
614 4669
2316 3844
4534 3811
4414 3957
4242 2830
1467 4797
961 2159
2767 1998
283 1088
91 2127
4220 2634
1796 4937
1615 569
2461 2745
4453 2160
1233 4979
1451 532
3268 2043
817 2222
407 3433
1143 2588
3901 2552
535 1667
3824 2747
3949 2107
1351 2112
4462 1578
3742 1595
1020 32
3900 3141
468 2041
1572 2183
492 4971
3175 1351
1862 3418
3209 4046
433 3757
3989 875
2148 1258
3642 3957
4880 2307
489 242
2199 3442
1070 4720
837 4331
1115 3255
1832 3947
2823 818
4265 4123
1238 2502
3018 2054
4276 4840
1067 916
4724 1633
393 3845
1717 3388
3880 2882
4256 1167
1549 4698
4905 486
510 4756
2239 2501
2599 1756
153 4271
2877 4172
3561 3045
1283 3015
2185 4793
801 2863
4078 2902
3466 2130
476 3330
4389 871
551 2423
2720 3612
3819 3281
459 2666
2290 4625
1350 3795
1769 1855
583 2441
1448 467
2877 708
4635 3068
595 4867
995 364
385 4782
2714 1420
4653 2430
4841 427
1045 3944
2257 4163
1596 4320
2431 4906
4998 2271
4181 1617
2857 4041
2741 513
119 1977
2573 3359
2615 691
3395 3617
2475 1118
4445 4828
2106 4708
1811 933
1829 3848
705 907
4210 1490
4879 137
3415 2802
1008 3936
3390 2242
1128 304
3517 423
4532 2917
1038 2088
2813 129
3391 763
1494 775
2165 1382
1885 955
1978 1816
1637 3124
3179 1899
3070 2706
3536 2913
3566 1551
4436 2135
1222 4341
1881 3622
130 1586
3358 4738
2163 3645
4689 639
1852 381
2652 3545
3651 72
2014 528
318 226
207 243
4089 981
4875 3085
3410 4200
4164 4732
4956 2192
899 2017
1882 4898
1649 330
1938 3135
399 3777
2171 970
2907 1670
2058 3130
290 653
3180 1329
1268 4511
784 4306
183 4475
499 791
2477 4410
750 2825
886 601
4994 1322
4678 1521
1184 3256
3195 62
2796 1355
2069 2538
2800 1224
3970 3824
509 2662
1067 2001
4772 2225
1565 3855
662 3039
4288 4425
2526 2332
4337 4077
4259 2868
752 202
2111 4368
2153 1116
1263 4039
326 1102
3669 1990
3469 3419
3295 3682
4847 3320
1862 2311
3619 3684
3342 4912
1531 1851
4479 3226
71 128
1738 3824
2483 1299
215 3475
2548 2454
1954 4943
930 2624
36 2979
2081 2825
42 357
4056 418
994 3099
4335 887
2685 1930
4881 1236
2273 4673
3060 4365
3435 85
620 4839
4264 4494
1203 2861
459 8
2992 4652
2553 4090
38 2287
1556 1878
2681 3824
3611 3481
1866 3824
1660 3967
4227 1932
3899 3123
3005 3325
3732 3743
2032 4543
55 3741
2898 883
579 2744
516 2560
4607 3270
2317 1211
4521 1908
197 1033
2449 2794
879 4367
3492 526
821 3504
2793 1666
257 2946
3583 2128
4603 1886
4769 3396
166 3577
3546 2944
770 2989
1762 1147
734 3472
482 328
3031 950
3020 4686
1348 938
1582 201
1567 3001
4084 4731
429 4223
4193 31
1146 4633
1100 1314
4862 510
4125 771
1740 4297
4453 2725
4103 2057
4732 2451
394 3479
283 1775
500 1140
2848 3341
3323 1804
1114 4706
1581 4565
4260 3308
3727 4624
3432 2104
2526 4217
3815 4748
4088 3379
1342 513
1330 4674
4951 1007
1466 2655
2011 847
2688 3824
3392 746
3824 3801
3192 219
16 1375
294 4593
2026 1560
3238 4475
1181 4428
4695 3094
1453 555
1069 379
4900 2499
3577 1081
4477 841
4753 4491
689 422
1595 1287
4750 1765
4847 1900
3296 260
4172 3824
4987 1668
3173 4185
2973 1080
1332 4877
3816 4334
1905 3187
4448 675
4351 1934
4416 524
1344 3486
4542 2194
949 920
927 1466
70 3153
3479 2346
4226 3224
2774 1693
3313 4358
2368 2340
4425 3386
1422 725
3485 2080
3430 1043
1488 1782
2317 452
2204 2396
533 1777
2206 4815
3566 3453
3413 1530
3195 3755
980 29
1588 435
3114 2660
4462 1633
3862 876
568 1075
121 2009
1269 84
3048 483
4536 2188
3399 2644
4060 4621
2993 3476
3718 66
908 3306
3420 3507
1355 4780
1639 4531
651 4080
2753 1326
1482 2262
1381 945
1748 1662
1958 1052
3202 3467
1448 3379
4266 2083
1557 2913
1796 1424
1680 1199
1369 3487
226 4823
509 2299
4723 1704
2742 2629
3274 4354
2409 977
1349 1568
1172 3449
2161 3817
149 2774
4457 4068
1154 1638
622 80
218 2708
4273 986
1170 4625
1822 4234
1350 2567
2065 2326
328 845
2833 507
529 4948
2932 15
845 4190
3406 1865
2052 3595
4540 3958
4470 228
4008 1859
1718 3919
1506 1964
4788 2066
3772 3592
223 3977
4491 1906
1563 2308
3587 2444
3824 977
1585 4348
3847 2950
2275 3470
506 4116
1703 4759
2824 3689
4307 1809
3634 3934
488 1271
4223 4940
1149 658
2769 4927
2351 118
905 1989
3722 4035
4601 1621
4407 4395
4127 3252
2009 2253
4162 2038
2215 3747
2731 1854
4777 2074
695 2809
3661 3729
1266 1787
2870 2969
2546 1207
3598 3824
2640 4133
2360 4673
982 1948
3054 4964
3521 3902
74 1679
4996 2811
208 1942
1561 1954
48 3053
2957 365
1120 4758
1789 3913
1721 3721
4145 3703
3412 4440
525 656
1241 4460
3297 835
558 4558
692 1891
2276 2843
2402 1805
3982 4053
2615 1388
4812 549
2024 3229
1854 1705
96 1713
2256 2196
4563 442
4824 3383
386 1640
547 3729
2348 4883
4672 3106
641 366
1795 2301
827 387
4397 645
288 2762
3402 834
3643 826
1922 3938
774 4035
1987 4201
1576 2536
1249 1182
3840 3682
2284 3774
3394 418
3762 4568
4398 2442
2472 3350
3866 2164
2545 3570
3603 1620
342 3824
3463 1298
3503 3164
2037 1068
2394 1096
1525 1807
4142 64
2622 1436
3964 3448
3849 640
4312 3440
4841 1668
2410 4501
62 2408
2157 2109
303 2218
4393 3111
3863 663
323 925
4053 180
1043 1497
2075 2339
2816 198
3483 4481
2578 3824
530 3905
3648 3040
2005 4585
4363 3824
3233 79
3921 163
2519 353
134 1568
3619 2607
4920 4617
1656 3509
3093 4899
1638 2823
4061 3050
4854 2794
4205 2563
1309 1645
4594 2315
4688 4744
145 317
2543 1380
1793 1314
4762 4026
3006 14
1456 3371
2244 50
3310 1399
1547 4850
3343 3074
545 136
3431 1808
846 4693
3971 4443
2950 17
587 1239
3763 1042
2470 2659
4858 4456
1437 4873
3500 4466
298 873
4316 4167
4301 1021
4106 2696
1112 237
4431 2007
2076 3700
4832 593
1697 1655
758 4723
2020 3723
2993 1353
1493 2620
3679 3110
3367 3836
299 2971
3012 4317
4616 477
4444 4369
134 4345
2889 3113
4975 1365
2322 427
4199 592
1833 2364
2150 476
4104 3824
3163 3051
2605 3968
3657 601
4041 4244
3824 2752
4010 4160
916 4021
4512 2
571 1312
4318 1533
2235 2840
2044 1405
196 4293
264 366
820 4887
4726 3780
1894 4977
1371 2071
4025 4387
823 4591
2992 287
1814 1090
3675 2028
4468 3792
1197 1261
2308 3865
1034 4547
2934 2642
97 1257
4074 99
597 4656
4458 1346
3199 2981
628 406
1078 94
4639 4601
786 4856
567 4931
2441 408
3160 2848
773 4872
3886 3122
46 1574
672 521
4837 1686
1372 2210
3123 4628
2296 208
244 400
3985 4311
2680 3510
4011 1178
4480 2416
3190 2278
583 3218
4909 2728
1381 1650
2048 127
2713 2017
3083 2640
1109 2291
3715 3368
1935 1441
2006 591
2411 2687
95 1419
4281 2163
2111 4449
4468 1366
765 693
2539 3168
2971 2217
4913 2982
584 299
209 3435
412 877
1664 3414
2406 3184
4694 596
4274 3622
1884 1228
3824 3761
2732 659
1956 4094
4137 2542
4451 4765
3512 972
2230 4171
2212 3856
1564 1173
3750 1333
2917 3318
2709 4424
2775 1836
1778 2019
2791 3444
4582 1128
4570 4093
2591 2803
3986 1162
805 934
3697 199
3882 1766
3980 4400
3963 2028
4504 4269
87 1641
3191 504
3142 413
2122 4231
858 4636
4992 66
310 3798
3525 3670
3824 2763
957 4251
253 1472
588 3116
2374 3545
275 3279
618 2201
2038 374
4701 3582
176 4342
1169 2991
1044 3150
3952 889
3620 3788
3223 177
2204 2915
3226 1047
1555 1591
2771 3766
4206 4335
4109 4162
1027 3749
4143 2998
1160 2132
2673 168
3792 4591
1511 589
231 53
1011 2074
4343 1398
2367 927
140 3824
3411 1256
2366 2413
3693 131
2943 4386
2753 4525
4676 3239
4929 2274
4365 2951
4520 2367
3796 3611
538 2724
2021 4786
677 3807
1408 2235
931 3331
3334 4649
1004 194
4872 2267
3257 4807
546 113
1475 1404
3603 2562
2293 2133
3078 4691
257 1279
3208 3387
74 3441
1361 3019
1198 2483
1606 479
1783 4882
4885 4678
3360 922
108 2926
314 884
2499 3900
212 1468
4439 2506
81 2243
4487 1165
3021 1728
4189 2229
2190 1910
4552 3319
2474 1730
4845 1636
4715 2167
1554 462
230 1587
44 1540
2547 2661
4085 2304
3781 4513
1375 1073
3528 2876
3215 4370
3436 1723
3050 1780
783 1663
2827 1490
4798 4825
277 694
2257 4533
2933 2560
3369 1997
451 1342
2929 1580
4403 881
3824 4594
4349 1097
3901 1575
3791 2833
1577 1062
2070 3222
2221 2567
4128 450
3140 4479
3704 1845
4120 1230
2785 2728
3109 3073
535 4177
1016 609
3339 1753
3916 4438
264 2082
3357 719
3799 36
2239 813
2007 3891
805 815
3378 3385
3100 1827
648 1428
2396 2461
974 2189
2855 3916
2254 2344
4599 942
4014 3935
2930 2818
1212 4962
4738 2874
2381 3868
1710 2505
1424 3549
2107 133
3686 3312
1364 2660
3157 3305
2251 4768
1406 4857
3236 1975
1284 448
3402 162
309 1900
1213 4813
4277 4561
4509 1410
1416 3773
3841 2109
1218 4337
4634 1148
1736 2228
757 396
3851 3715
2555 4463
1926 24
3299 4613
338 1132
876 770
300 3836
3922 3994
1651 2491
2172 2032
1838 2689
1986 3189
4255 2141
383 2535
4834 3586
2886 3481
1077 2611
976 4784
3779 1473
558 4243
3423 368
1606 4865
2746 2456
3819 107
4081 2927
707 350
2694 1506
4653 3823
384 1194
1406 2858
4544 2202
3652 730
1156 415
1106 1210
1220 3368
615 1086
1281 3244
334 2925
2838 4487
1295 1188
2581 2496
381 3432
3560 3033
514 3355
4278 874
1186 4921
4733 972
900 1390
4609 540
3167 1542
1914 1826
2688 3672
3092 644
161 4957
1510 4407
3511 4701
2452 4092
2627 3182
4869 3107
2398 3353
3662 484
345 1897
2914 786
2847 1528
1875 4102
984 722
147 437
1809 1389
766 980
347 3499
597 214
3044 3610
851 285
2383 2693
615 1497
1238 2198
4621 2765
4664 3534
4821 4184
2645 4379
3513 4273
1418 598
997 4381
1823 4890
3511 4409
1724 3375
1181 1142
1922 2904
4993 2423
2388 2439
2025 729
3072 1385
797 1780
1270 2655
4619 1948
180 4590
586 3940
2593 3632
2147 1909
4892 3824
2148 1991
4213 3591
1586 4467
4993 3958
464 776
4893 1519
4633 2464
2095 3131
1589 4020
4001 4932
3689 138
3824 2703
2768 2106
2623 2421
4452 2694
718 3382
1800 3824
3081 2546
3482 3824
413 708
4557 604
619 610
668 101
2553 4485
2328 2832
4008 1618
2310 1089
4465 3065
488 3321
1061 629
2968 4555
4240 3133
2721 1121
452 4554
3894 3023
3939 4587
2970 3809
1262 3688
4056 913
2020 4249
3199 3211
3854 4194
4113 502
4472 2048
1614 1690
1592 1402
4954 3287
1925 2462
3051 2175
1858 1691
65 2739
3640 4861
1888 4965
3554 4560
1812 4189
1919 4043
3035 2912
4541 3108
654 307
540 1944
82 1225
4870 443
1970 1800
2846 2920
1988 2712
3650 1247
7 848
4908 2061
1317 385
144 2408
4263 3623
3658 1802
3416 2391
3488 2783
4603 4753
1509 37
1939 1515
498 4880
1563 1273
628 2431
3581 2692
1737 832
4174 2211
405 2144
3516 1444
1177 2442
3025 3280
1513 1248
2438 3551
3064 838
3121 3897
1655 1325
3059 213
2397 2958
1943 3392
4154 4642
4776 2098
428 1499
4526 3814
917 2876
3840 1649
4177 1318
4420 2421
2305 1102
680 1216
888 3319
4002 2357
4798 1168
1950 4971
3495 2341
4640 2885
2916 2799
1091 1884
3761 622
3606 2585
1977 2622
1138 1377
377 563
2550 2572
1152 1746
1253 2414
3915 3917
4942 4856
4096 764
2446 1841
325 915
2587 4681
3889 1915
4408 27
4984 682
2002 411
3076 3907
1682 432
4000 3272
578 3824
545 4660
944 3359
142 2680
994 1824
4757 2692
3154 4495
2872 2258
925 370
998 1803
4799 3451
4202 3129
1883 1161
4950 3540
1161 2671
988 2511
789 3366
909 1398
1583 4239
3498 2875
4933 3458
790 1139
2277 3217
1174 2318
2161 3824
1855 2099
369 4839
2397 2947
4505 4608
2386 576
4410 973
2892 2359
3860 4492
1012 4175
2737 1482
232 2343
3232 627
4265 2320
2763 3902
1156 2566
699 1851
3567 3575
3223 2515
201 1250
710 1130
296 4690
4149 1454
329 3589
625 448
3645 313
3660 126
4009 3376
1166 2062
4439 3648
4227 2463
1722 3407
1268 4597
1104 3140
4829 217
2407 4675
968 2750
1115 252
4506 2518
1300 4376
4921 2533
2371 4257
2878 4703
2045 2404
3485 4366
3669 2788
4795 1775
1887 646
3459 12
905 388
1241 1475
858 4292
471 4689
1701 1696
1768 1943
2361 4023
4012 910
4573 4384
664 2429
3104 4537
2158 3516
2798 3282
850 2570
1219 4623
2297 2730
4319 3656
688 2522
2089 4019
3550 4015
289 3317
2482 2592
27 2748
1684 4741
1714 4772
2974 2984
3277 1072
3740 3614
2749 1323
3 2190
2349 4119
1601 2261
2092 4129
3542 3065
2319 4787
1347 3405
1392 1110
340 3904
21 890
1618 3205
1561 3692
4514 266
3451 690
1140 2908
986 3206
286 1534
519 443
3386 557
1936 1056
1376 2932
788 644
2369 1445
706 880
810 4922
1890 250
1522 3683
2173 1087
1380 301
1575 4528
661 200
4886 1401
4914 3763
868 571
3564 21
3883 1255
2246 2512
3937 3592
4016 1883
4976 1137
1505 880
3851 3929
151 2198
859 1895
575 3913
1785 348
996 3430
4897 2648
4138 4490
4980 1517
2786 4067
2186 897
1254 3077
854 2180
3684 2347
1910 3998
493 742
75 3276
1452 1779
3380 4574
4774 1604
1706 3953
3506 4590
1237 884
1386 591
1798 2910
1753 463
352 308
3107 4988
1991 2083
273 4957
3232 307
1071 1860
1961 2962
2152 4298
4945 3557
441 2750
3421 4469
744 3867
1918 4392
2318 1008
2105 4962
3249 1718
4719 3828
1571 3508
3872 2385
1124 3354
4100 2704
2894 2632
4524 22
2414 3909
1849 4977
217 2905
4683 2851
11 1137
3654 1931
718 4629
52 3293
4965 1316
2394 4344
1741 242
4246 1320
3129 4802
696 489
354 1138
719 1940
293 1963
4851 828
2053 401
4688 3108
0 3424
460 258
4907 3109
936 4399
2252 33
1689 3751
1521 4209
1323 895
3112 4355
2883 316
1548 4345
2596 3824
1720 1967
1732 2564
3863 569
2999 1927
1658 2988
1764 3857
2534 375
978 4668
4123 4640
82 2579
738 4803
1603 3009
785 148
2666 1735
944 1799
1834 3859
4763 3873
4140 2272
2772 4878
2099 3599
2373 3520
2400 1079
2426 2004
4051 4280
397 4346
2290 4626
2467 227
2236 3478
458 2847
1150 4404
3587 4497
3273 2315
4752 918
3651 1030
1533 2072
3227 3666
2593 3891
897 3765
572 4401
3042 4859
3702 4634
2700 4217
397 2955
292 3007
3563 1810
88 1133
3754 2697
236 110
3826 1600
4739 280
1911 4671
676 3502
1333 3170
1280 1407
1057 1309
4629 1090
3030 2864
4844 3387
3014 852
3576 3267
2440 3647
263 4685
2761 4988
141 1158
1539 3046
4903 2450
2957 4441
2773 832
75 2705
244 2576
2132 1952
4216 1468
1532 2314
4272 3548
2013 1845
3610 2600
4598 1687
512 2717
755 2202
1240 2903
2588 3455
3667 2781
3948 2584
2024 1243
1928 4304
4362 725
4085 303
3945 1627
613 3738
1246 1892
451 4714
2918 1154
3578 334
1399 492
4816 2171
1013 1545
1613 587
4198 4111
2309 2564
378 3206
2636 3324
1017 4450
4237 4121
174 4661
3812 3937
937 347
2114 3977
4249 4614
2182 3660
3122 295
779 4952
3814 2627
83 846
4466 4054
4721 3512
3464 3000
2734 2746
2250 2434
4871 3888
2812 1872
2611 2342
3688 4228
4469 2582
2924 2263
2835 1092
606 981
1762 1784
4597 2937
2138 1662
4746 802
741 2120
4709 1711
2131 1032
2012 4949
3493 2718
1479 3802
1927 485
2646 114
1742 2841
3824 2853
1806 1400
2871 3898
396 410
2713 466
3245 281
3774 359
1104 339
1105 4826
1374 3621
237 472
1226 2270
4413 3088
4766 874
4417 889
605 1175
3332 3635
2167 3649
839 2677
4823 3089
1198 2136
2637 4299
173 701
1517 1858
1478 2891
65 991
3020 2019
2342 3013
4718 349
3824 436
1079 3826
1540 3089
1486 51
4846 3496
4545 2458
3186 4130
323 4820
1214 2311
4912 2801
3599 4612
371 2507
3004 3305
2189 1816
1905 2584
3167 2706
2410 1960
425 4667
4004 2865
3824 4204
39 2800
1846 1728
3261 4438
903 2671
975 4434
904 1754
3257 3528
2403 4960
3925 3408
2664 4519
2709 767
2377 653
1576 1999
2047 1832
2999 4679
2185 4013
4866 4919
295 2921
4066 1788
3494 3185
3482 345
4587 1951
2245 1321
1085 3974
4502 37
3626 2412
2965 906
733 609
2482 4894
1621 4165
1670 277
3066 205
4868 4729
3447 2096
2449 4244
4 168
1245 3615
2843 2301
3002 4574
2113 470
3536 1192
1593 1669
4290 4680
1251 449
632 1338
2886 2220
3408 1439
1623 1472
1457 1324
1165 1284
2534 1967
3303 4951
2289 97
3824 2808
4515 394
475 3017
4982 4810
1250 895
737 1703
754 607
1176 2298
870 112
3712 1053
1574 3487
3600 2729
1791 4270
117 3549
2623 4178
2492 1782
2522 245
2336 2650
1157 3927
3959 2887
3456 2853
1244 710
1962 2535
2164 3561
4682 1614
3202 1015
3191 2333
2100 2693
4313 2543
3727 3181
2058 4260
1648 3554
3322 1384
2988 4097
1412 1601
1322 1739
2192 1378
2575 3676
1072 4306
4527 979
1386 3955
2554 3440
3886 3449
793 68
1227 954
1831 4763
2194 2790
677 4901
4296 2817
1053 2839
3000 3514
2749 169
2443 2022
3175 4354
2675 589
1019 4144
12 2494
4592 205
924 89
382 2374
1229 2914
3539 3214
1449 4146
3506 1432
3211 2936
3110 495
269 2078
4550 2061
2103 716
3996 2520
2426 4524
4300 1317
1661 1725
3986 3182
2249 64
3899 104
195 1271
3200 799
1292 553
3198 4203
1715 2858
4315 4800
1936 4501
740 3919
768 826
1091 1133
3764 1536
1778 2614
122 1083
2180 1666
4107 2654
1047 2910
4677 2361
4140 518
2873 2869
2405 4972
2089 3703
4652 3825
3530 56
2094 2078
2888 4435
1065 3558
213 1273
2244 31
3978 998
361 2125
1017 324
238 2502
4386 1951
1573 590
2176 3707
116 4922
3787 3174
3355 4201
2102 2406
4219 4637
4895 1461
852 3878
2321 2355
4741 4151
2518 2242
1790 4715
4481 608
2791 1287
1745 531
1336 4188
3931 2775
1758 85
3043 3943
1837 2175
1204 3396
3560 1573
4511 2633
2678 3838
4550 2805
2782 1811
1978 4812
1628 3131
2454 1515
2956 2495
1873 2389
1002 2759
909 2903
270 3685
2327 3375
3767 3151
3499 3225
1105 3824
3990 2951
4011 2812
3671 2861
491 1356
61 3656
713 4592
3194 3711
2219 3242
1319 2110
3624 4033
389 2710
2037 429
137 2687
1191 1312
2653 1975
737 703
3923 3906
2108 4060
1964 1824
2780 3351
2773 4775
419 3148
3824 585
4391 742
3338 1193
1847 4157
3128 4046
2565 780
1387 3824
2137 1237
3824 2018
3793 3124
1027 4235
2504 822
3824 2468
2550 4897
4707 3962
2104 386
3278 4806
3273 1751
4374 2489
807 4518
4650 655
3471 4195
3227 2000
3156 741
2222 3580
4253 3310
1512 3525
3555 2179
982 1579
1484 324
2466 4179
1491 3415
99 3151
638 2968
190 254
1646 1430
3027 3869
723 3854
4817 1179
665 4294
3955 1167
3871 4575
1180 1818
2480 4490
1664 254
3945 3429
4531 3265
1103 3508
224 1463
829 2459
999 2586
3403 4681
808 2490
2283 1352
955 2455
1523 1831
894 1059
3400 3944
2555 515
4058 1722
3510 3785
2043 1901
4492 1481
4134 2834
3872 849
2056 3514
4005 2393
2294 186
1887 4175
4577 2302
4463 3663
4308 2419
4135 4294
2820 71
3332 4042
1247 1414
4485 3859
4961 1295
3769 765
1087 1917
1453 272
4106 2643
1345 560
7 2647
4967 41
2214 3930
4444 3437
3642 598
259 1304
2269 2054
3726 4171
4057 3454
772 3829
2683 3952
4805 1994
1293 3824
3356 2248
2544 2675
2390 748
4098 3956
2826 233
4764 2901
3824 4333
662 3857
2416 1191
551 2140
1003 28
562 3165
1685 877
3101 3184
4176 4323
2881 2494
3079 3575
3255 3914
4405 2498
2075 1810
10 4159
2325 4557
4767 4697
2462 2500
2084 118
1221 3772
1051 3991
2467 4191
3401 3673
867 3752
382 265
2856 426
1611 4702
2144 1498
4892 4359
1013 3598
124 4792
739 402
1912 4840
3138 1609
346 721
3847 3204
2362 2105
3172 152
1772 4064
3824 225
2792 4901
1541 2678
3179 548
2896 1117
3735 2266
2958 1860
1244 4562
4218 4236
46 482
4065 4747
3710 3028
4486 1192
3594 2994
3285 4870
4790 4305
2552 4084
871 326
3968 1055
2939 3893
461 4747
3573 2610
3 159
373 2966
2077 952
3111 2589
4755 2086
3538 77
4252 4529
3127 135
1963 3260
143 1804
2070 4503
228 2777
1972 528
421 2484
4759 2818
1278 3782
3328 3436
3972 4946
4480 3896
1458 618
4876 4863
1785 1596
560 3975
580 3725
848 4296
1959 4938
4192 1757
4055 2387
791 3010
2011 3985
480 1029
1382 3329
870 1630
712 1761
3711 25
4357 3884
1602 3024
3679 2224
2274 2433
68 3465
2335 1631
4262 1397
4477 1348
1108 3017
4515 642
2312 4850
387 3233
3972 1721
4855 3564
1971 1974
675 4873
4064 2042
623 1011
419 2517
1634 1248
4939 2116
966 3970
3016 2719
4288 60
2382 170
550 812
3546 3824
1712 4711
3203 1996
2455 4377
1267 4467
330 4807
1297 3933
1120 2260
4484 3301
2113 2510
713 4210
2487 612
3426 4421
1696 1973
4507 664
4303 1947
3144 1147
29 3824
4530 3639
2845 4049
3824 4886
1123 2996
4777 1763
2210 1923
660 3496
1426 105
109 1747
3745 872
4225 2275
1856 4155
1094 1025
4117 4248
2998 1892
4902 4087
1344 1818
3103 2603
590 4207
544 67
4157 1805
2259 729
4340 2569
2682 2207
1175 610
1760 4853
4820 4809
3161 3052
3377 4236
2373 2945
3527 4730
836 470
2964 4691
4208 1729
1511 2086
921 2087
2562 4181
593 4891
678 963
4221 1131
4349 1221
854 4240
393 2942
4917 2331
456 3193
4052 1863
126 599
4212 2820
1187 1096
2243 3633
538 2804
4351 2938
1538 3924
3680 3115
1310 1276
2159 3817
3776 3513
26 3093
3339 4861
652 1617
2597 1432
3744 1693
937 4402
475 441
692 1518
582 1464
3580 207
1420 3591
701 1075
1286 4874
2183 3183
4522 4309
4450 422
4483 112
2721 4362
4765 2238
88 556
1364 1609
2879 3720
778 4130
4966 4618
42 3981
2155 1078
1852 4019
798 4235
4991 87
1338 1039
2265 1566
490 4670
2294 4538
3824 176
1294 1159
2829 2444
4789 2854
1023 3960
3056 3790
1196 1443
3636 4981
594 2618
1794 2179
490 3860
4730 3602
22 2568
1599 3653
2213 520
525 4990
1114 923
4641 1278
1092 3825
1635 4698
1571 942
1514 1141
3473 1536
1347 1500
2050 3818
1220 3384
4347 4871
2162 1324
3845 4489
3169 537
2129 3366
4784 3412
2031 4129
3889 3571
2472 4415
3158 2193
4994 4082
4819 4202
1296 3523
1519 182
2638 671
1184 939
3091 3890
3911 4502
1480 374
3910 4728
940 3289
533 4979
2626 4537
643 4081
2344 586
3409 3644
2004 4180
4913 2313
4117 2252
4029 3156
256 783
1402 2991
60 3941
3954 3903
4390 3138
617 1360
111 4380
4461 3996
4405 1783
3115 1879
3467 3912
3522 3146
2755 2962
2385 139
4118 1372
3971 4494
802 3097
3768 4086
2790 102
4284 715
3884 2869
3789 1761
3962 1611
146 3681
3897 171
4649 175
4261 573
1992 1134
2940 4258
279 1233
4486 4656
26 3887
574 297
3446 2715
212 1063
1234 3300
1145 1941
3624 3490
4194 3106
2258 3824
2481 1608
1724 3905
1132 3719
3358 1025
1631 830
2701 844
941 3562
2069 416
4062 1834
2217 1867
204 4749
3824 723
1870 18
3253 4383
3026 3238
2451 30
4782 3646
4842 4973
