100 200
38 15
24 63
81 56
89 19
28 52
47 49
11 56
63 11
71 82
79 19
71 96
70 89
36 58
42 13
75 8
86 81
56 64
32 42
48 88
91 56
47 88
93 18
45 78
81 96
37 3
1 13
2 26
70 39
40 18
53 77
4 97
13 95
58 51
62 39
65 45
16 63
78 70
24 59
96 79
47 70
33 44
57 25
96 56
31 42
70 82
60 3
67 79
32 48
8 93
53 39
86 40
43 87
70 88
75 46
41 81
77 80
11 73
93 70
47 64
23 66
25 67
12 55
86 22
74 60
10 64
61 24
12 25
35 95
14 98
2 88
39 56
83 54
59 90
26 93
72 69
30 9
10 37
46 90
69 2
39 48
49 18
46 29
55 4
85 3
31 83
6 10
59 96
0 96
84 41
82 32
31 3
17 86
27 85
67 31
97 65
5 40
3 49
81 92
52 75
50 71
68 17
15 39
54 74
23 48
47 32
44 98
32 37
85 76
7 19
68 9
95 49
91 38
50 63
47 20
99 68
51 99
79 48
3 48
83 18
76 62
96 18
42 71
9 0
86 48
10 16
92 70
18 71
2 35
40 1
5 34
92 72
42 32
94 27
22 30
88 79
98 12
88 3
3 37
6 50
1 47
99 64
15 84
77 43
85 70
25 32
13 89
21 10
7 56
96 19
64 40
68 65
73 96
31 20
89 70
90 25
25 19
59 3
0 33
16 7
14 83
59 18
60 21
34 70
35 14
44 59
81 1
26 36
29 56
78 46
64 96
27 13
35 17
77 25
93 56
34 57
49 37
80 5
12 19
56 40
93 61
33 32
17 7
73 43
69 64
62 28
7 35
19 39
41 39
58 74
29 6
57 23
2 96
87 91
44 53
79 20
66 94
16 6
65 37
86 95
20 70
