100 250
92 28
37 78
14 58
38 77
69 26
97 52
7 25
23 79
21 17
80 16
22 98
76 17
20 26
70 17
30 63
71 40
14 19
74 91
97 60
85 13
67 52
91 67
3 20
39 27
65 36
17 22
27 70
26 74
21 70
49 59
15 34
21 80
40 32
39 45
31 99
16 87
30 61
48 39
88 48
99 96
44 94
99 51
56 48
35 63
55 53
68 21
81 72
33 13
91 26
34 86
64 94
12 86
55 77
76 55
90 69
68 11
61 88
10 47
43 84
1 13
58 70
40 76
97 3
21 67
32 16
68 17
89 29
17 13
73 24
92 60
77 42
42 55
1 33
72 30
69 3
8 27
67 2
71 8
91 52
12 50
62 93
36 48
59 24
86 15
19 85
31 44
7 44
12 1
21 13
8 16
46 11
21 8
17 23
47 0
97 10
75 97
27 85
40 5
9 65
84 16
62 50
66 98
80 21
71 60
38 66
26 69
23 13
88 57
62 28
23 64
18 35
54 15
33 41
28 50
9 23
19 8
36 73
53 55
21 68
76 44
76 66
80 13
38 94
5 34
80 26
77 60
42 28
68 77
78 49
45 12
27 2
45 30
4 58
50 62
80 2
95 96
95 44
82 57
4 85
74 2
79 2
11 53
63 37
64 32
23 22
60 11
63 92
68 79
34 15
80 17
68 13
52 20
98 87
58 89
32 27
40 16
50 77
6 14
46 91
75 64
26 79
18 13
85 8
94 96
78 37
88 83
76 40
2 79
83 74
86 55
38 16
66 25
41 90
80 77
67 42
21 79
84 6
80 46
15 93
34 92
66 54
23 8
40 22
25 98
61 16
68 80
86 77
70 27
51 44
38 8
38 5
8 7
5 38
87 25
15 92
91 2
29 75
38 34
5 15
35 49
10 13
25 95
64 44
73 4
92 34
69 52
80 79
8 87
5 71
68 70
80 62
54 38
30 91
89 45
48 49
90 81
74 69
78 13
0 13
5 32
25 51
0 18
19 9
61 91
16 70
57 43
70 2
92 86
55 50
83 82
80 50
90 26
64 27
96 31
38 92
93 60
40 66
83 58
94 22
3 46
38 70
24 56
87 7
23 98
68 50
34 11
40 77
21 60
14 52
80 55
