100 120
24 99
65 42
12 85
57 33
50 48
12 58
58 92
51 74
98 47
35 15
86 50
17 65
65 80
95 59
28 44
29 77
90 91
57 65
5 46
95 63
90 60
42 32
17 96
65 54
38 29
99 26
91 61
16 69
33 49
99 53
40 76
68 67
65 79
68 36
10 68
34 23
89 72
16 27
8 25
59 82
20 12
86 62
16 45
46 84
55 21
99 37
79 76
22 73
88 5
65 51
65 29
29 7
38 87
10 28
29 88
90 39
51 95
42 55
65 10
34 56
89 45
12 13
24 89
24 65
52 8
24 41
16 20
57 91
41 14
65 62
38 83
33 97
89 93
33 86
66 71
16 9
24 19
54 42
74 75
51 39
41 0
86 21
57 4
7 22
43 16
17 16
34 75
95 16
51 1
43 98
89 27
59 98
95 70
28 90
86 78
54 66
80 6
86 35
89 49
65 2
28 64
8 48
12 30
95 4
12 8
33 43
62 18
81 31
86 94
51 81
39 52
77 88
13 11
51 4
52 3
24 38
49 3
54 34
1 40
33 36
