100 250
1 22
96 61
93 71
70 58
80 32
43 53
78 89
70 87
69 41
32 62
75 38
13 26
45 35
48 35
91 61
40 28
85 74
69 9
97 6
77 9
75 24
58 72
30 79
33 74
19 5
74 77
98 79
61 14
2 34
80 53
64 46
83 55
62 87
41 60
91 84
42 20
41 31
20 47
45 89
22 28
49 29
38 78
38 4
19 32
4 41
14 28
75 60
37 60
1 35
69 67
24 37
26 60
23 86
90 93
56 3
49 83
52 88
9 60
17 42
86 39
9 51
83 85
85 60
72 40
2 20
77 85
73 22
45 22
64 61
47 50
59 98
44 49
64 29
55 94
74 60
65 60
50 35
61 45
37 6
86 70
54 8
83 4
34 40
78 36
10 17
73 33
42 56
50 64
33 60
15 37
39 14
5 52
73 25
29 22
82 68
36 81
31 22
37 81
57 68
87 0
3 54
86 84
38 26
40 91
66 4
84 57
49 34
10 23
90 49
55 4
53 16
45 61
35 28
12 62
89 35
80 13
7 93
83 41
7 19
92 22
67 51
33 85
88 15
69 11
29 20
97 80
2 95
34 83
94 32
93 91
89 22
75 6
31 60
69 60
88 19
90 58
4 67
4 60
83 69
29 89
96 22
67 89
51 95
1 92
96 10
48 60
69 4
94 18
0 74
85 51
81 48
14 61
25 28
92 59
17 59
77 95
13 76
4 0
42 18
75 67
24 31
35 22
32 85
51 9
27 63
26 15
31 89
48 65
27 90
24 75
65 45
68 33
38 41
11 51
91 23
55 74
50 23
80 88
87 95
67 69
94 34
71 37
65 78
57 29
4 77
21 11
15 60
63 97
75 81
67 60
15 75
32 66
31 4
21 73
96 28
58 51
92 35
71 88
2 69
19 96
81 61
99 2
78 14
30 3
64 72
76 27
95 11
66 72
18 39
75 69
28 22
98 21
78 48
66 99
39 43
9 12
68 96
16 45
68 61
11 33
7 63
61 35
8 82
48 81
85 11
16 89
28 35
46 1
16 30
81 28
6 24
22 89
95 60
79 56
6 4
77 62
65 22
32 2
13 52
52 7
45 14
55 67
25 17
41 9
52 97
14 45
44 40
73 43
7 34
2 44
