100 250
81 95
35 17
97 28
84 5
35 63
35 8
78 74
93 2
38 44
49 71
96 47
76 21
29 88
23 38
42 75
29 19
78 2
44 42
75 3
35 55
76 74
5 87
92 90
11 88
46 33
15 59
51 49
80 19
62 88
36 43
58 20
30 16
59 65
36 14
96 51
30 51
46 81
85 66
37 54
97 74
73 45
50 37
96 30
35 70
1 86
70 74
54 27
7 94
17 72
24 49
26 19
62 71
64 9
32 33
20 73
10 16
69 64
14 50
64 55
68 33
45 10
31 82
82 56
51 47
37 13
35 78
14 84
17 33
26 62
19 88
1 32
52 46
70 21
14 33
14 90
6 22
42 33
58 64
2 74
69 67
86 74
24 11
9 95
12 15
75 2
25 11
45 16
16 19
89 99
43 74
66 23
68 54
15 39
95 47
43 31
52 74
70 55
44 92
35 1
41 47
80 24
34 29
80 62
81 17
0 39
35 33
97 41
69 21
39 4
19 29
35 71
35 47
56 12
17 55
67 19
28 40
91 25
66 77
61 88
10 40
95 71
57 91
40 81
35 18
25 24
22 53
72 33
23 47
25 96
49 26
53 90
48 68
77 60
22 74
44 78
65 3
64 20
80 96
89 93
98 33
74 2
24 91
45 21
72 61
95 33
76 33
70 97
83 99
57 9
55 21
10 9
20 33
96 9
48 94
91 9
97 21
69 19
51 19
45 2
80 95
62 30
32 67
76 28
8 70
72 47
14 48
28 33
35 95
74 33
18 55
65 89
8 32
20 19
31 33
62 57
93 23
67 69
56 33
4 79
4 15
8 58
9 71
91 34
29 16
76 18
52 21
63 47
53 42
26 47
47 63
95 9
74 78
0 85
79 0
10 33
26 24
63 9
53 87
61 70
35 12
27 36
73 47
60 84
71 33
94 83
11 9
64 47
11 26
49 16
88 29
49 91
86 95
88 16
35 74
57 11
35 93
52 9
90 77
24 25
86 32
65 6
34 80
41 1
36 77
2 78
8 33
28 78
3 48
40 55
17 2
40 18
81 29
10 76
1 55
63 33
90 7
18 9
49 11
60 95
99 14
87 98
71 47
69 8
13 39
6 78
98 6
18 52
39 71
31 14
58 55
