1000 1700
654 541
596 378
490 856
535 116
437 695
338 567
956 427
808 566
669 606
117 745
183 146
413 213
908 631
892 900
433 641
349 719
261 255
161 689
55 687
715 988
898 405
350 611
220 934
230 826
965 389
520 877
266 677
424 76
796 233
866 783
897 530
124 30
263 376
459 132
419 635
528 887
806 577
213 231
703 172
253 8
914 727
515 644
276 722
499 180
994 460
291 407
722 692
562 506
572 6
870 861
785 98
594 43
708 248
209 529
725 309
189 19
366 905
769 246
250 602
631 699
151 427
513 395
36 623
228 330
848 45
286 161
372 722
149 924
810 289
306 812
175 379
378 850
572 351
10 353
850 619
862 715
582 549
129 876
502 579
987 917
676 790
171 524
623 397
382 644
3 867
547 560
19 979
441 404
225 805
181 510
830 461
387 928
962 411
784 471
645 120
840 23
936 253
70 495
411 332
185 267
4 971
697 50
832 279
999 556
259 944
192 486
475 34
57 860
838 18
473 918
482 646
22 886
723 286
49 651
83 343
292 318
760 643
567 968
471 110
752 673
479 350
573 765
999 276
630 429
691 674
259 112
880 804
934 688
166 496
953 130
662 690
198 91
478 336
842 986
727 795
478 175
283 70
147 908
500 61
795 922
602 782
167 227
611 350
474 560
978 276
413 226
883 325
591 875
895 448
880 564
179 235
219 743
374 532
769 331
152 224
657 124
114 251
712 673
375 622
185 873
531 188
533 863
382 772
841 787
133 643
648 338
635 250
860 595
215 4
273 134
617 939
268 797
919 449
8 936
843 604
896 961
707 438
447 302
524 706
847 644
978 955
675 821
148 711
162 268
869 84
124 610
403 141
891 435
193 269
590 832
193 641
332 856
299 362
398 418
580 649
713 933
274 542
764 8
400 650
949 32
334 911
448 713
757 523
379 952
66 277
889 974
890 615
535 995
344 283
325 113
554 760
125 155
627 310
97 842
617 147
984 747
225 267
518 570
187 631
140 400
86 459
736 549
846 875
678 847
133 40
175 121
263 713
483 72
884 916
496 261
462 81
864 273
689 140
142 984
29 918
674 157
168 754
383 83
60 713
575 242
473 830
262 815
780 851
36 764
146 624
570 868
462 683
523 207
514 38
774 428
386 967
856 299
715 610
993 939
858 532
556 464
823 913
126 846
751 127
707 893
857 890
513 499
246 543
607 652
27 691
423 202
486 881
374 858
663 831
351 972
512 896
918 633
877 152
417 393
317 225
473 741
837 126
184 484
865 18
621 363
735 146
234 287
614 786
517 667
924 350
33 232
730 150
842 980
380 150
932 849
815 502
793 565
204 143
198 939
928 456
633 741
51 60
413 283
747 275
685 422
29 472
152 431
830 748
665 222
657 723
566 68
549 502
964 647
792 528
348 885
284 213
373 626
334 542
648 624
625 874
659 451
641 810
155 224
259 648
606 496
849 234
302 825
470 443
833 555
270 578
46 712
163 728
981 48
830 108
64 630
528 572
493 154
952 933
468 820
679 631
779 251
653 492
410 609
87 742
707 544
464 121
972 186
933 902
835 589
200 736
655 17
811 976
431 824
986 844
904 814
923 794
106 135
578 663
321 192
177 513
466 459
121 36
40 697
385 184
187 147
857 584
545 971
853 624
216 938
699 515
578 724
488 467
974 367
57 907
606 480
600 191
946 546
491 470
536 731
60 28
62 769
75 857
186 449
783 562
846 221
771 89
503 355
726 631
472 698
890 97
108 439
563 623
548 283
92 656
61 696
979 341
30 590
799 718
572 522
137 858
405 620
95 198
169 303
82 805
771 95
789 114
180 241
577 210
973 538
811 970
159 393
689 650
880 84
125 570
547 643
273 151
805 390
997 617
461 987
307 265
673 889
844 481
910 623
90 518
205 834
432 526
835 42
684 16
143 661
410 476
640 386
767 196
6 349
114 694
892 512
259 229
775 822
945 93
949 503
180 570
267 328
304 699
872 607
23 219
494 662
681 90
252 552
813 78
834 575
327 361
992 497
729 500
623 638
613 193
887 534
987 698
402 166
725 989
364 999
259 210
149 847
445 208
176 653
733 761
499 317
134 699
499 267
901 272
527 312
482 880
460 280
286 120
584 520
221 402
959 450
104 801
97 611
801 942
704 283
271 105
71 854
699 997
670 592
975 926
963 642
948 75
952 572
589 365
931 133
393 957
688 278
425 852
331 933
657 308
694 215
945 371
449 834
349 205
800 31
551 119
790 843
42 317
776 975
631 187
966 697
972 401
967 628
683 885
211 982
507 484
658 991
16 266
824 102
65 40
543 354
283 567
555 897
479 118
488 760
870 610
498 543
275 887
533 144
848 522
963 635
765 823
543 584
755 611
980 746
671 785
809 332
610 638
6 18
955 264
718 334
244 393
94 434
754 412
249 11
358 71
212 752
890 624
74 147
439 472
91 147
213 768
28 244
709 759
839 437
456 557
744 396
280 883
942 307
929 564
0 355
89 929
705 991
255 129
520 853
706 389
935 773
328 793
784 244
487 82
717 515
859 723
554 388
605 324
293 471
328 125
344 183
602 635
447 204
985 645
701 323
929 842
149 134
620 809
957 754
657 556
942 234
107 949
430 428
469 703
622 476
449 142
240 514
803 15
10 470
62 548
296 879
152 210
455 621
452 580
231 963
480 86
717 194
17 582
593 637
333 326
123 811
425 995
272 710
952 59
760 560
886 313
927 216
884 398
392 813
300 92
479 847
476 108
356 364
238 331
52 176
370 804
748 133
138 841
283 548
719 747
952 225
161 286
588 35
844 880
443 992
595 978
7 939
11 450
938 475
983 415
436 52
427 156
390 601
109 73
101 217
564 215
880 853
137 782
827 33
743 140
540 137
561 181
638 532
749 106
635 623
933 241
798 179
902 613
930 707
940 893
3 85
304 346
122 670
888 812
64 621
468 473
257 581
961 381
56 594
420 657
624 836
289 335
335 567
468 482
124 18
913 521
762 732
885 21
466 424
802 753
971 806
439 108
117 158
683 492
917 472
157 884
867 845
270 494
52 39
281 120
140 985
619 392
279 870
584 548
201 447
656 593
120 639
401 906
814 602
168 193
32 74
695 51
170 976
977 275
417 454
910 768
235 220
34 891
254 131
380 258
230 301
869 819
597 209
477 37
772 536
46 643
832 391
172 340
314 551
915 861
472 476
792 420
493 539
716 937
616 791
365 26
343 456
43 924
465 801
161 379
955 860
439 473
21 807
93 990
35 109
152 584
399 901
754 224
243 773
553 932
697 40
391 201
815 560
915 792
431 284
27 825
161 242
667 13
643 697
363 166
205 861
784 836
597 147
758 485
920 892
30 534
208 817
99 775
18 661
207 504
702 737
410 694
402 981
507 95
989 680
917 633
59 160
860 546
925 829
921 773
572 585
723 30
546 301
174 308
221 652
870 82
677 943
9 293
977 242
37 828
444 440
819 755
828 726
842 2
878 237
525 378
987 720
509 596
11 951
919 185
995 120
977 279
910 276
705 74
571 418
289 306
368 899
577 465
48 996
436 53
551 285
781 507
15 357
625 350
313 81
117 554
537 950
622 802
491 936
666 212
880 980
705 864
734 358
237 745
408 123
354 448
26 818
62 958
517 969
420 639
259 508
315 533
786 158
183 152
545 337
483 921
761 949
491 196
834 572
338 664
969 931
446 578
792 314
859 870
355 300
842 971
6 282
182 42
873 30
412 390
144 384
900 214
704 146
182 895
353 556
680 177
998 914
957 751
218 245
27 743
612 169
724 987
499 14
750 672
127 510
822 690
401 657
791 862
531 327
870 814
485 437
29 50
830 643
645 906
701 950
520 36
889 959
534 805
84 686
258 101
149 644
753 249
81 659
147 644
188 689
836 498
98 586
430 385
312 55
741 40
88 291
978 910
579 366
400 342
401 275
991 292
41 708
794 685
664 284
947 26
797 380
612 406
361 848
160 958
422 297
501 376
72 383
293 548
196 963
339 779
583 701
414 800
867 105
883 236
897 296
214 740
349 127
308 689
552 912
965 559
725 681
789 515
921 900
937 350
966 360
617 982
584 836
370 319
341 103
277 115
568 336
596 734
44 668
974 479
406 144
540 862
381 5
704 338
816 442
826 250
229 973
504 455
824 413
536 126
626 771
948 836
582 909
20 454
735 65
950 600
172 96
356 330
13 609
348 39
351 242
943 671
976 218
541 748
822 199
939 149
59 511
508 231
429 173
837 703
210 470
33 334
217 58
510 182
492 962
576 827
236 217
810 352
74 678
635 59
634 211
298 581
434 671
304 284
378 798
153 409
863 107
560 29
133 316
584 877
164 799
145 735
740 935
203 777
367 403
764 374
679 148
661 333
621 847
119 186
18 369
986 594
642 738
6 870
454 365
63 326
495 758
788 808
56 482
433 293
352 489
638 511
634 959
560 741
566 618
563 556
668 865
853 155
972 28
243 3
330 616
197 66
326 650
53 770
916 838
649 7
433 602
304 97
127 309
686 508
191 665
2 134
670 763
980 465
193 395
956 367
305 483
146 487
515 997
861 793
187 211
14 561
941 304
797 16
518 244
447 418
103 669
290 24
237 997
129 924
951 108
575 186
440 442
146 159
641 454
407 377
621 728
519 450
951 866
347 803
428 477
772 96
842 789
117 370
80 79
977 568
127 306
739 453
719 551
753 329
912 573
894 684
779 770
242 205
45 522
162 153
954 200
297 25
222 162
737 920
831 878
412 510
303 315
213 758
543 372
7 87
440 583
185 965
831 446
400 661
704 624
463 288
342 689
984 952
699 118
624 230
972 67
287 869
990 816
634 164
899 700
389 835
307 784
693 286
438 770
817 329
777 414
481 117
310 109
397 563
712 927
114 615
911 305
143 398
185 142
319 4
151 462
149 211
996 640
241 365
12 270
706 559
573 761
664 589
646 803
601 989
379 59
149 515
532 988
869 842
70 210
149 611
804 778
340 558
54 99
741 720
700 756
761 350
586 223
903 410
376 895
25 371
372 416
724 917
508 679
868 395
279 275
104 667
829 751
170 129
275 661
896 643
726 749
223 721
233 195
706 565
288 682
121 160
323 632
942 145
611 678
152 265
874 627
369 27
861 692
5 74
270 741
712 55
211 43
97 426
448 77
574 74
67 919
326 522
298 744
450 587
293 307
413 193
926 239
415 441
890 517
875 837
626 9
190 457
295 96
905 530
301 907
95 515
923 996
639 190
114 259
822 488
773 248
50 748
890 112
955 946
398 174
518 182
647 882
590 364
413 784
226 877
836 548
731 798
719 119
569 965
2 877
881 445
156 505
882 243
581 163
354 47
766 676
82 437
73 871
118 32
947 501
944 878
256 274
295 847
404 254
638 826
637 716
952 955
102 338
860 814
70 330
710 729
419 250
791 301
332 170
984 142
219 115
166 939
4 831
357 844
185 205
283 413
417 306
453 956
439 560
184 493
575 972
768 264
279 551
384 525
539 339
557 527
812 495
433 62
820 104
449 10
264 999
75 32
61 730
609 547
641 487
871 165
351 524
522 157
218 883
957 947
623 988
646 112
43 95
441 702
878 980
635 443
809 923
205 859
711 347
542 588
628 939
202 974
351 6
292 71
351 692
260 289
240 46
732 612
103 311
937 597
939 479
611 939
350 134
674 327
107 586
969 545
741 917
12 473
825 995
697 598
575 568
39 271
51 629
747 174
579 655
250 767
721 962
699 628
861 6
50 690
759 986
825 884
895 238
187 699
320 714
416 853
818 269
79 203
241 925
76 458
360 983
62 146
529 696
65 948
544 240
409 252
879 490
884 571
603 408
65 183
78 705
371 88
337 12
960 776
565 171
873 420
91 118
391 161
29 388
531 457
248 666
351 464
520 784
2 944
9 376
721 516
660 625
578 890
323 914
611 628
997 118
672 452
498 307
715 419
106 58
723 957
945 699
633 987
918 724
592 519
111 650
105 436
932 690
1 417
388 748
171 570
152 648
907 992
773 100
618 91
362 122
453 341
825 840
629 125
743 45
341 913
553 91
394 614
631 43
395 20
836 226
686 598
286 121
319 941
194 322
224 178
585 977
318 872
865 400
578 698
112 931
329 788
480 647
865 120
324 993
624 520
77 14
815 199
47 128
549 438
778 844
907 230
516 103
258 707
396 781
369 916
24 201
982 95
651 247
27 63
326 282
497 10
346 553
650 63
538 319
234 564
941 479
188 190
231 246
175 963
347 709
413 768
564 819
364 610
345 116
38 423
369 400
787 256
68 22
343 0
842 304
107 605
159 704
925 448
32 95
181 805
426 2
521 295
755 56
826 907
447 674
778 468
139 998
661 645
227 268
421 54
520 704
171 328
295 683
110 372
741 388
379 327
173 591
689 188
770 368
414 712
696 954
779 49
723 351
96 739
35 966
31 477
265 648
746 880
554 748
848 691
368 582
275 873
277 333
712 95
995 45
359 603
277 342
906 44
772 631
149 95
572 865
741 461
598 554
467 46
893 750
845 636
559 263
784 624
146 57
528 693
970 399
919 67
458 898
550 574
553 213
617 515
769 265
113 80
931 720
632 550
728 953
717 867
461 112
137 692
756 660
129 147
195 940
269 725
232 41
877 471
101 537
210 520
662 789
598 50
158 29
388 251
110 471
474 702
926 997
481 538
804 720
564 372
698 643
599 733
143 290
69 340
175 30
460 91
434 599
636 94
6 205
265 497
245 444
720 554
855 531
130 236
422 382
498 9
682 321
17 512
427 727
664 955
401 349
888 285
714 474
594 903
122 879
745 517
628 631
624 146
993 762
782 356
158 698
587 558
839 810
279 915
699 32
618 72
739 456
940 43
738 301
454 47
851 947
517 924
199 136
697 472
70 499
372 793
134 198
862 602
922 658
511 491
460 872
31 669
141 421
667 877
204 855
112 476
136 320
161 369
135 53
717 55
127 260
239 154
377 85
768 610
418 302
482 626
905 512
25 536
668 190
391 314
954 828
309 888
226 471
286 314
165 576
534 569
604 469
909 138
547 373
639 691
967 994
874 506
157 571
85 167
520 664
294 189
435 430
154 366
860 397
58 387
506 960
100 654
457 535
327 143
530 262
917 760
738 228
959 675
285 780
786 774
807 139
971 987
412 1
957 309
206 634
443 556
8 540
624 498
40 598
664 213
876 348
615 97
574 466
737 187
210 102
746 594
973 643
282 840
818 835
311 294
322 894
228 10
958 955
489 354
821 206
132 757
128 839
748 987
968 168
832 67
849 890
247 375
608 796
351 302
116 425
687 463
63 361
95 644
449 657
854 964
977 792
746 283
278 359
861 478
531 281
301 858
505 64
45 345
134 32
663 980
905 387
547 804
5 608
548 344
763 833
652 717
467 473
316 724
124 984
455 247
593 73
104 924
741 158
379 279
982 847
419 768
903 13
137 470
442 297
449 30
341 509
558 257
451 930
331 887
852 290
742 298
847 118
940 147
842 644
353 59
988 57
194 658
340 432
64 123
657 281
692 904
461 473
115 197
53 69
484 394
150 169
230 999
372 226
178 60
628 187
853 433
551 260
131 199
336 401
946 715
187 908
219 855
251 830
644 939
308 111
611 631
336 327
944 32
751 289
526 763
956 54
364 540
520 471
802 251
503 945
541 68
295 766
231 715
690 251
984 791
617 479
