1000 1000
271 17
271 205
287 680
445 927
477 979
337 492
903 492
806 979
145 73
447 353
453 259
430 932
540 785
78 774
653 557
828 594
599 237
268 962
171 69
797 2
53 661
429 311
398 704
971 813
192 22
959 643
288 259
279 205
151 862
447 22
490 224
620 195
618 921
589 716
429 909
940 557
810 646
336 984
684 353
14 2
636 303
208 237
992 136
669 86
661 101
743 976
377 323
269 997
821 716
298 136
123 25
549 95
675 25
316 545
92 585
331 306
354 563
242 486
196 776
426 167
923 73
843 976
821 312
106 17
551 610
739 195
679 492
143 921
841 56
883 426
194 799
722 353
385 2
11 962
517 86
391 955
687 128
132 136
897 646
866 643
74 716
998 634
922 955
28 319
645 643
449 955
789 142
401 785
254 979
458 323
332 101
668 799
707 766
529 423
809 654
777 272
953 136
538 610
776 56
30 382
629 643
248 962
47 539
233 605
514 768
583 150
941 412
996 979
71 585
52 594
407 86
98 813
432 785
245 167
817 272
178 259
600 321
801 557
307 634
703 56
566 955
617 86
122 414
477 716
10 224
675 927
559 538
365 262
1 785
138 142
633 643
454 932
558 527
31 128
202 629
501 911
29 984
798 136
541 911
459 962
438 997
677 412
728 382
524 661
695 999
64 911
778 312
712 382
952 634
912 16
958 822
743 768
967 605
685 704
21 629
509 813
274 101
659 262
170 2
907 610
205 101
393 69
226 927
823 921
730 259
198 661
910 997
290 136
18 768
230 312
287 426
800 680
846 525
445 605
191 423
101 999
662 272
660 704
824 539
366 646
145 704
518 701
674 938
787 323
196 661
193 845
541 661
714 976
613 17
424 594
60 312
235 661
744 539
263 646
363 550
125 701
332 195
174 776
533 73
650 16
521 766
428 845
32 822
939 766
425 768
305 654
544 997
200 423
570 962
972 205
402 22
631 563
271 878
313 903
156 269
759 629
71 312
227 17
285 136
380 414
944 306
115 195
994 921
860 32
322 979
127 17
652 527
451 352
446 352
554 538
640 136
892 680
242 557
914 224
684 205
888 22
563 32
782 259
9 563
65 101
508 889
526 594
670 303
103 704
838 16
81 557
871 412
826 845
781 45
577 86
379 2
750 259
133 150
803 319
338 984
416 997
185 17
876 382
213 643
194 69
411 486
426 323
194 976
301 150
175 729
78 976
996 527
79 795
801 426
413 889
68 25
370 605
940 704
117 675
568 774
51 976
173 73
490 878
659 525
802 799
135 822
80 911
436 938
271 911
31 211
241 938
162 962
8 889
758 921
586 136
602 7
784 352
672 303
675 785
820 539
189 701
389 101
735 69
895 938
740 525
441 795
514 211
801 768
161 211
120 56
210 303
446 822
807 73
468 962
11 822
708 538
715 73
623 128
365 822
802 121
930 979
598 729
357 195
972 701
800 776
47 647
399 312
394 323
26 412
922 979
610 128
796 822
876 167
176 634
41 949
503 545
594 813
609 845
811 962
780 921
578 675
175 121
146 195
679 795
387 412
453 550
820 550
543 997
317 927
35 610
957 121
153 224
703 25
400 32
891 22
703 269
944 911
234 629
353 423
383 557
500 323
541 539
196 195
14 22
10 538
751 795
943 716
619 647
767 610
35 311
318 889
843 211
650 911
207 353
140 142
973 962
80 136
129 121
281 701
562 813
672 822
666 45
806 766
698 414
633 312
478 629
278 312
787 155
445 128
231 311
874 903
200 594
68 311
648 269
884 306
8 550
781 845
800 862
499 643
832 643
578 16
37 845
146 822
81 45
581 269
697 205
400 647
736 550
178 903
344 878
967 999
219 101
364 976
415 155
119 862
562 412
27 17
802 86
353 822
105 150
601 539
606 822
723 585
304 643
628 979
705 545
818 86
782 629
824 716
812 323
678 938
819 25
443 353
537 680
811 629
835 594
806 382
873 822
396 167
66 56
703 45
524 7
23 785
888 73
715 22
172 22
829 269
580 237
417 303
378 224
920 95
66 319
374 423
726 557
202 932
505 921
929 701
227 16
200 878
13 979
544 382
138 205
61 799
604 822
523 423
720 167
75 550
668 486
635 22
708 774
165 766
171 538
21 949
879 768
10 17
748 557
181 539
942 224
645 211
500 610
995 69
421 195
358 643
231 73
467 629
941 813
162 903
216 269
447 661
853 629
936 45
329 605
375 237
29 323
15 675
947 795
910 680
965 594
964 813
681 845
890 269
769 766
571 999
456 211
76 550
645 539
305 45
714 997
542 17
565 492
932 550
414 878
144 795
339 16
164 150
577 585
395 167
655 56
690 979
213 701
554 927
874 545
907 889
92 634
748 701
614 86
103 32
371 95
855 716
951 311
876 955
266 716
736 353
440 86
853 594
828 90
292 90
523 594
37 955
76 976
981 921
482 22
506 73
701 997
262 121
890 95
515 889
490 128
256 605
127 563
392 86
36 167
994 101
376 795
417 224
627 303
435 73
871 142
170 323
699 353
515 352
611 73
811 312
296 7
43 776
483 224
624 647
230 414
379 69
864 661
834 414
630 979
566 813
575 979
238 911
537 949
780 272
867 352
985 646
201 932
855 414
46 237
76 312
197 654
826 585
58 629
481 56
839 675
560 195
741 128
106 353
676 414
71 984
148 799
480 729
28 909
389 259
506 647
262 16
837 155
439 321
512 768
79 25
591 312
488 585
956 646
169 32
717 704
983 889
410 646
247 486
718 938
513 550
109 646
122 101
161 17
804 321
172 766
910 557
749 303
155 862
60 319
707 128
209 680
230 269
658 647
913 2
518 716
505 984
246 766
798 73
485 90
506 7
755 17
243 704
751 647
554 634
679 414
922 654
392 701
6 155
798 799
598 768
722 17
591 195
931 550
396 492
901 321
230 927
796 352
360 557
478 889
130 352
898 73
948 927
50 629
291 634
383 2
333 634
36 675
151 311
303 101
297 889
608 525
210 352
373 979
950 311
330 634
372 353
705 927
739 661
579 813
882 269
651 22
199 785
546 539
397 799
236 999
461 921
777 259
966 594
803 903
674 95
791 962
781 90
737 545
224 997
418 525
544 195
648 414
116 962
775 962
521 2
747 303
214 262
537 984
100 845
697 321
595 136
798 312
160 492
64 167
273 101
283 86
296 585
938 594
719 585
137 889
902 903
519 321
174 955
91 878
639 412
562 911
82 25
512 128
616 269
556 312
164 539
105 903
394 594
262 525
392 306
303 538
975 795
38 594
152 150
435 984
631 822
621 90
328 610
552 563
271 353
172 976
355 426
116 7
918 646
936 423
576 768
79 272
639 550
846 17
418 646
17 312
920 86
408 412
514 878
575 774
421 949
674 845
337 25
421 32
330 799
36 557
278 643
938 90
371 962
380 90
657 795
286 269
662 984
305 32
216 312
508 822
293 911
595 426
336 237
85 822
951 412
60 323
853 643
383 716
818 69
930 766
111 768
27 701
919 262
209 312
358 799
376 654
31 661
439 259
496 654
113 155
992 563
296 845
328 979
658 799
639 352
431 680
183 545
507 211
382 539
471 999
366 911
650 845
130 585
516 997
240 321
721 932
464 646
619 984
457 680
569 845
541 545
659 86
137 101
144 527
104 353
170 136
835 136
212 680
214 909
145 486
627 269
578 539
267 306
378 73
266 979
723 921
525 862
258 7
893 845
725 303
173 557
809 955
687 311
1 7
485 680
623 729
146 647
529 22
38 776
946 142
753 889
114 32
5 984
674 56
539 150
421 224
720 563
282 878
133 911
228 527
70 539
547 323
59 306
625 2
816 768
977 774
739 646
115 605
978 486
426 382
745 932
62 2
546 984
401 634
652 845
4 259
658 353
598 45
982 938
220 680
806 426
157 352
936 101
766 306
338 486
289 654
177 785
690 211
591 142
972 90
627 845
467 889
19 90
279 167
281 563
651 69
160 167
87 382
459 889
255 680
392 949
396 774
760 785
547 768
830 56
709 56
371 932
979 938
408 545
431 486
777 224
718 492
499 647
860 306
931 716
534 634
968 610
600 73
184 121
801 211
396 766
479 661
178 675
754 538
611 95
174 997
658 862
601 785
385 605
110 680
355 319
611 101
21 412
959 17
708 101
989 128
331 646
517 654
975 997
234 768
534 527
301 262
896 813
597 303
22 862
644 862
65 903
995 878
183 73
263 95
170 605
790 205
49 205
39 984
164 412
314 128
498 382
127 323
212 716
743 909
239 56
257 121
241 704
256 95
107 729
820 312
398 150
206 262
532 813
23 962
952 423
934 563
756 845
647 492
169 195
956 680
72 16
281 321
823 704
395 563
952 211
131 921
846 654
856 862
926 321
639 776
808 716
575 262
555 610
626 237
821 142
399 2
186 903
520 845
239 45
380 605
563 195
715 962
53 95
947 45
203 634
97 142
93 101
966 311
404 646
562 16
706 768
644 932
85 312
968 312
184 32
68 774
312 423
219 323
462 353
12 661
307 2
185 949
425 610
562 927
221 527
